Position	Nucleotide	Multiplicity	Frequency
10	A	3	0.01694915254237288
10	G	5	0.02824858757062147
10	T	3	0.01694915254237288
11	A	6	0.03389830508474576
11	C	8	0.04519774011299435
11	G	7	0.03954802259887006
12	C	9	0.05084745762711865
12	G	6	0.03389830508474576
12	T	4	0.022598870056497175
13	A	8	0.04519774011299435
13	G	7	0.03954802259887006
13	T	9	0.05084745762711865
14	A	11	0.062146892655367235
14	C	1	0.005649717514124294
14	G	9	0.05084745762711865
15	C	8	0.04519774011299435
15	G	7	0.03954802259887006
15	T	3	0.01694915254237288
16	A	3	0.01694915254237288
16	G	5	0.02824858757062147
16	T	3	0.01694915254237288
17	A	4	0.022598870056497175
17	C	2	0.011299435028248588
17	T	4	0.022598870056497175
18	A	4	0.022598870056497175
18	C	4	0.022598870056497175
18	T	5	0.02824858757062147
19	A	2	0.011299435028248588
20	G	1	0.005649717514124294
20	T	4	0.022598870056497175
21	A	1	0.005649717514124294
21	C	1	0.005649717514124294
22	A	1	0.005649717514124294
22	C	1	0.005649717514124294
23	A	1	0.005649717514124294
24	G	2	0.011299435028248588
25	A	1	0.005649717514124294
25	T	2	0.011299435028248588
36	G	2	0.011299435028248588
37	G	1	0.005649717514124294
37	T	2	0.011299435028248588
41	G	1	0.005649717514124294
