Position	Nucleotide	Multiplicity	Frequency
10	A	7	0.012915129151291513
10	G	9	0.016605166051660517
10	T	6	0.01107011070110701
11	A	6	0.01107011070110701
11	C	6	0.01107011070110701
11	G	10	0.01845018450184502
12	C	12	0.02214022140221402
12	G	6	0.01107011070110701
12	T	8	0.014760147601476014
13	A	3	0.005535055350553505
13	G	7	0.012915129151291513
13	T	7	0.012915129151291513
19	T	6	0.01107011070110701
20	T	1	0.0018450184501845018
21	G	1	0.0018450184501845018
21	T	1	0.0018450184501845018
25	C	2	0.0036900369003690036
25	G	6	0.01107011070110701
26	G	4	0.007380073800738007
26	T	1	0.0018450184501845018
