Position	Nucleotide	Multiplicity	Frequency
59	C	24	1.0
61	T	1	0.041666666666666664
65	T	1	0.041666666666666664
74	C	1	0.041666666666666664
77	T	1	0.041666666666666664
83	G	2	0.08333333333333333
86	T	1	0.041666666666666664
88	G	2	0.08333333333333333
89	C	1	0.041666666666666664
91	C	3	0.125
92	T	3	0.125
96	A	1	0.041666666666666664
97	G	2	0.08333333333333333
101	A	3	0.125
101	C	1	0.041666666666666664
102	A	1	0.041666666666666664
103	G	1	0.041666666666666664
104	C	1	0.041666666666666664
113	A	1	0.041666666666666664
118	T	1	0.041666666666666664
122	T	1	0.041666666666666664
129	G	2	0.08333333333333333
133	C	1	0.041666666666666664
150	G	1	0.041666666666666664
156	A	2	0.08333333333333333
168	G	1	0.041666666666666664
173	C	1	0.041666666666666664
192	T	1	0.041666666666666664
203	T	1	0.041666666666666664
204	T	1	0.041666666666666664
211	A	1	0.041666666666666664
212	T	1	0.041666666666666664
213	C	1	0.041666666666666664
218	G	1	0.041666666666666664
219	T	1	0.041666666666666664
226	T	2	0.08333333333333333
229	C	2	0.08333333333333333
237	C	1	0.041666666666666664
245	A	1	0.041666666666666664
257	A	1	0.041666666666666664
278	A	2	0.08333333333333333
