Position	Nucleotide	Multiplicity	Frequency
73	T	1	0.05555555555555555
77	G	1	0.05555555555555555
90	C	1	0.05555555555555555
90	G	1	0.05555555555555555
91	C	1	0.05555555555555555
93	T	2	0.1111111111111111
103	A	1	0.05555555555555555
104	T	1	0.05555555555555555
105	C	1	0.05555555555555555
147	A	1	0.05555555555555555
149	C	1	0.05555555555555555
150	C	1	0.05555555555555555
152	G	1	0.05555555555555555
153	C	1	0.05555555555555555
154	G	1	0.05555555555555555
156	G	1	0.05555555555555555
157	A	1	0.05555555555555555
160	A	2	0.1111111111111111
161	C	1	0.05555555555555555
166	A	1	0.05555555555555555
167	G	2	0.1111111111111111
167	T	2	0.1111111111111111
171	A	1	0.05555555555555555
171	C	1	0.05555555555555555
172	T	1	0.05555555555555555
173	G	1	0.05555555555555555
176	T	1	0.05555555555555555
210	C	1	0.05555555555555555
216	G	1	0.05555555555555555
220	A	1	0.05555555555555555
221	T	1	0.05555555555555555
227	T	1	0.05555555555555555
229	G	1	0.05555555555555555
231	A	1	0.05555555555555555
231	T	1	0.05555555555555555
234	G	1	0.05555555555555555
239	G	1	0.05555555555555555
247	G	1	0.05555555555555555
257	G	1	0.05555555555555555
269	T	1	0.05555555555555555
281	T	1	0.05555555555555555
287	A	1	0.05555555555555555
