Position	Nucleotide	Multiplicity	Frequency
71	A	1	0.03571428571428571
90	A	2	0.07142857142857142
91	A	4	0.14285714285714285
92	T	1	0.03571428571428571
95	T	1	0.03571428571428571
96	G	1	0.03571428571428571
97	T	4	0.14285714285714285
99	G	4	0.14285714285714285
101	C	1	0.03571428571428571
102	A	1	0.03571428571428571
120	A	2	0.07142857142857142
169	A	4	0.14285714285714285
174	C	4	0.14285714285714285
176	A	1	0.03571428571428571
178	T	4	0.14285714285714285
191	C	1	0.03571428571428571
193	G	1	0.03571428571428571
196	A	4	0.14285714285714285
198	T	4	0.14285714285714285
199	C	4	0.14285714285714285
200	A	1	0.03571428571428571
212	T	1	0.03571428571428571
225	G	1	0.03571428571428571
226	C	1	0.03571428571428571
227	A	1	0.03571428571428571
227	G	1	0.03571428571428571
235	T	1	0.03571428571428571
251	G	1	0.03571428571428571
254	C	5	0.17857142857142858
256	C	2	0.07142857142857142
259	A	4	0.14285714285714285
266	G	1	0.03571428571428571
276	A	4	0.14285714285714285
278	T	4	0.14285714285714285
285	G	1	0.03571428571428571
