Position	Nucleotide	Multiplicity	Frequency
71	C	23	0.42592592592592593
89	A	1	0.018518518518518517
90	C	1	0.018518518518518517
91	A	1	0.018518518518518517
94	T	1	0.018518518518518517
96	A	1	0.018518518518518517
97	C	1	0.018518518518518517
98	T	1	0.018518518518518517
109	C	1	0.018518518518518517
122	T	1	0.018518518518518517
149	C	1	0.018518518518518517
160	C	1	0.018518518518518517
171	G	1	0.018518518518518517
182	G	1	0.018518518518518517
196	C	1	0.018518518518518517
197	A	1	0.018518518518518517
217	C	1	0.018518518518518517
217	G	1	0.018518518518518517
222	G	1	0.018518518518518517
227	T	1	0.018518518518518517
231	T	1	0.018518518518518517
233	A	1	0.018518518518518517
252	G	1	0.018518518518518517
262	T	1	0.018518518518518517
271	T	2	0.037037037037037035
278	A	1	0.018518518518518517
287	C	1	0.018518518518518517
290	A	1	0.018518518518518517
290	T	1	0.018518518518518517
