Position	Nucleotide	Multiplicity	Frequency
65	C	5	0.09803921568627451
66	G	2	0.0392156862745098
68	T	1	0.0196078431372549
70	C	3	0.058823529411764705
79	T	2	0.0392156862745098
82	T	2	0.0392156862745098
84	C	2	0.0392156862745098
88	G	4	0.0784313725490196
89	A	2	0.0392156862745098
90	G	2	0.0392156862745098
91	A	2	0.0392156862745098
91	C	5	0.09803921568627451
93	A	4	0.0784313725490196
93	G	2	0.0392156862745098
95	T	4	0.0784313725490196
103	C	4	0.0784313725490196
117	C	1	0.0196078431372549
160	C	2	0.0392156862745098
164	T	2	0.0392156862745098
173	T	2	0.0392156862745098
175	A	4	0.0784313725490196
181	A	2	0.0392156862745098
181	C	1	0.0196078431372549
182	T	1	0.0196078431372549
189	C	1	0.0196078431372549
191	T	1	0.0196078431372549
199	T	4	0.0784313725490196
200	A	2	0.0392156862745098
220	C	4	0.0784313725490196
223	T	1	0.0196078431372549
225	G	1	0.0196078431372549
226	C	1	0.0196078431372549
229	A	3	0.058823529411764705
234	T	4	0.0784313725490196
240	G	4	0.0784313725490196
240	T	1	0.0196078431372549
241	C	1	0.0196078431372549
242	A	1	0.0196078431372549
244	G	2	0.0392156862745098
245	A	1	0.0196078431372549
249	C	1	0.0196078431372549
250	C	1	0.0196078431372549
253	T	1	0.0196078431372549
258	C	1	0.0196078431372549
259	G	2	0.0392156862745098
260	A	1	0.0196078431372549
277	A	4	0.0784313725490196
278	A	4	0.0784313725490196
284	T	5	0.09803921568627451
285	C	1	0.0196078431372549
288	A	1	0.0196078431372549
290	T	1	0.0196078431372549
