Position	Nucleotide	Multiplicity	Frequency
76	A	2	0.08695652173913043
84	G	1	0.043478260869565216
86	G	1	0.043478260869565216
89	A	1	0.043478260869565216
90	C	1	0.043478260869565216
91	A	3	0.13043478260869565
93	G	1	0.043478260869565216
94	A	2	0.08695652173913043
96	G	1	0.043478260869565216
97	T	1	0.043478260869565216
106	C	1	0.043478260869565216
130	C	1	0.043478260869565216
130	G	1	0.043478260869565216
134	T	1	0.043478260869565216
137	A	4	0.17391304347826086
146	A	3	0.13043478260869565
149	A	1	0.043478260869565216
153	G	1	0.043478260869565216
154	T	1	0.043478260869565216
156	A	1	0.043478260869565216
156	C	1	0.043478260869565216
157	A	3	0.13043478260869565
160	C	3	0.13043478260869565
160	G	1	0.043478260869565216
164	C	1	0.043478260869565216
166	A	3	0.13043478260869565
167	A	1	0.043478260869565216
167	T	1	0.043478260869565216
168	G	3	0.13043478260869565
168	T	1	0.043478260869565216
169	A	2	0.08695652173913043
169	T	1	0.043478260869565216
173	A	3	0.13043478260869565
179	T	1	0.043478260869565216
182	G	3	0.13043478260869565
182	T	1	0.043478260869565216
183	T	1	0.043478260869565216
184	T	1	0.043478260869565216
189	C	3	0.13043478260869565
190	T	1	0.043478260869565216
206	C	3	0.13043478260869565
209	A	3	0.13043478260869565
209	C	1	0.043478260869565216
211	G	3	0.13043478260869565
213	C	1	0.043478260869565216
214	T	1	0.043478260869565216
216	T	3	0.13043478260869565
220	C	3	0.13043478260869565
225	G	1	0.043478260869565216
226	G	1	0.043478260869565216
229	T	3	0.13043478260869565
230	C	3	0.13043478260869565
231	A	1	0.043478260869565216
233	T	1	0.043478260869565216
235	T	3	0.13043478260869565
241	G	1	0.043478260869565216
242	C	3	0.13043478260869565
244	G	1	0.043478260869565216
245	C	3	0.13043478260869565
246	C	1	0.043478260869565216
246	T	1	0.043478260869565216
247	A	1	0.043478260869565216
247	C	3	0.13043478260869565
250	C	1	0.043478260869565216
256	G	3	0.13043478260869565
258	A	1	0.043478260869565216
263	T	5	0.21739130434782608
266	A	1	0.043478260869565216
266	C	1	0.043478260869565216
274	T	1	0.043478260869565216
275	A	3	0.13043478260869565
275	C	1	0.043478260869565216
275	T	1	0.043478260869565216
284	T	1	0.043478260869565216
