Position	Nucleotide	Multiplicity	Frequency
66	T	1	0.02040816326530612
68	G	1	0.02040816326530612
69	A	1	0.02040816326530612
70	G	2	0.04081632653061224
71	G	4	0.08163265306122448
77	C	1	0.02040816326530612
78	A	1	0.02040816326530612
80	T	4	0.08163265306122448
81	G	4	0.08163265306122448
81	T	1	0.02040816326530612
82	A	1	0.02040816326530612
82	G	1	0.02040816326530612
84	C	1	0.02040816326530612
84	G	1	0.02040816326530612
86	C	1	0.02040816326530612
87	G	1	0.02040816326530612
88	C	1	0.02040816326530612
89	A	1	0.02040816326530612
89	T	2	0.04081632653061224
90	G	5	0.10204081632653061
90	T	1	0.02040816326530612
91	A	7	0.14285714285714285
91	C	2	0.04081632653061224
92	A	1	0.02040816326530612
92	T	1	0.02040816326530612
94	C	5	0.10204081632653061
94	G	1	0.02040816326530612
94	T	2	0.04081632653061224
95	C	1	0.02040816326530612
96	A	1	0.02040816326530612
96	C	1	0.02040816326530612
97	A	2	0.04081632653061224
97	G	1	0.02040816326530612
102	T	1	0.02040816326530612
103	A	1	0.02040816326530612
103	C	1	0.02040816326530612
104	T	2	0.04081632653061224
117	A	1	0.02040816326530612
118	G	1	0.02040816326530612
118	T	1	0.02040816326530612
126	G	4	0.08163265306122448
127	C	1	0.02040816326530612
127	G	4	0.08163265306122448
129	A	1	0.02040816326530612
133	C	1	0.02040816326530612
134	A	2	0.04081632653061224
135	C	1	0.02040816326530612
140	A	1	0.02040816326530612
144	G	1	0.02040816326530612
146	G	1	0.02040816326530612
147	A	6	0.12244897959183673
148	G	11	0.22448979591836735
148	T	2	0.04081632653061224
150	C	1	0.02040816326530612
150	G	1	0.02040816326530612
154	C	1	0.02040816326530612
157	C	4	0.08163265306122448
158	A	4	0.08163265306122448
158	T	1	0.02040816326530612
159	C	3	0.061224489795918366
159	G	2	0.04081632653061224
160	A	2	0.04081632653061224
160	C	1	0.02040816326530612
161	A	2	0.04081632653061224
161	C	1	0.02040816326530612
162	C	1	0.02040816326530612
163	A	1	0.02040816326530612
164	A	2	0.04081632653061224
164	G	4	0.08163265306122448
165	A	1	0.02040816326530612
165	C	1	0.02040816326530612
165	T	1	0.02040816326530612
166	A	6	0.12244897959183673
166	T	1	0.02040816326530612
167	A	1	0.02040816326530612
168	C	1	0.02040816326530612
168	G	1	0.02040816326530612
169	A	2	0.04081632653061224
169	C	1	0.02040816326530612
170	A	1	0.02040816326530612
170	T	5	0.10204081632653061
172	G	4	0.08163265306122448
174	A	1	0.02040816326530612
174	G	3	0.061224489795918366
175	T	2	0.04081632653061224
176	T	1	0.02040816326530612
177	A	1	0.02040816326530612
179	C	1	0.02040816326530612
180	A	1	0.02040816326530612
181	C	1	0.02040816326530612
184	G	1	0.02040816326530612
192	C	2	0.04081632653061224
192	G	1	0.02040816326530612
193	G	1	0.02040816326530612
198	A	1	0.02040816326530612
200	A	4	0.08163265306122448
200	C	2	0.04081632653061224
203	T	1	0.02040816326530612
204	C	1	0.02040816326530612
205	A	1	0.02040816326530612
205	G	2	0.04081632653061224
205	T	2	0.04081632653061224
208	C	1	0.02040816326530612
209	A	1	0.02040816326530612
213	C	4	0.08163265306122448
215	C	1	0.02040816326530612
217	G	1	0.02040816326530612
218	C	1	0.02040816326530612
219	G	3	0.061224489795918366
220	C	1	0.02040816326530612
220	G	2	0.04081632653061224
225	G	3	0.061224489795918366
228	G	2	0.04081632653061224
229	C	2	0.04081632653061224
229	G	4	0.08163265306122448
230	G	4	0.08163265306122448
230	T	1	0.02040816326530612
232	A	1	0.02040816326530612
232	T	1	0.02040816326530612
233	A	2	0.04081632653061224
233	T	4	0.08163265306122448
234	A	1	0.02040816326530612
234	T	2	0.04081632653061224
236	C	1	0.02040816326530612
236	T	1	0.02040816326530612
237	C	1	0.02040816326530612
238	C	1	0.02040816326530612
238	T	2	0.04081632653061224
239	C	1	0.02040816326530612
242	A	5	0.10204081632653061
242	T	2	0.04081632653061224
245	G	2	0.04081632653061224
251	G	1	0.02040816326530612
254	T	1	0.02040816326530612
256	A	1	0.02040816326530612
258	C	1	0.02040816326530612
258	G	2	0.04081632653061224
260	C	4	0.08163265306122448
260	G	1	0.02040816326530612
262	A	2	0.04081632653061224
262	G	4	0.08163265306122448
262	T	1	0.02040816326530612
263	T	1	0.02040816326530612
265	C	1	0.02040816326530612
266	C	2	0.04081632653061224
268	T	1	0.02040816326530612
269	A	1	0.02040816326530612
270	T	1	0.02040816326530612
275	A	1	0.02040816326530612
275	T	2	0.04081632653061224
276	A	1	0.02040816326530612
276	C	1	0.02040816326530612
276	T	2	0.04081632653061224
278	C	2	0.04081632653061224
278	G	3	0.061224489795918366
278	T	2	0.04081632653061224
279	G	1	0.02040816326530612
283	T	1	0.02040816326530612
284	T	1	0.02040816326530612
289	T	2	0.04081632653061224
290	A	1	0.02040816326530612
290	C	1	0.02040816326530612
