Position	Nucleotide	Multiplicity	Frequency
59	C	47	1.0
69	T	2	0.0425531914893617
71	T	1	0.02127659574468085
73	T	2	0.0425531914893617
74	A	2	0.0425531914893617
76	A	2	0.0425531914893617
88	G	2	0.0425531914893617
89	T	2	0.0425531914893617
90	G	3	0.06382978723404255
91	A	11	0.23404255319148937
91	C	2	0.0425531914893617
92	A	1	0.02127659574468085
92	G	3	0.06382978723404255
93	A	2	0.0425531914893617
93	C	2	0.0425531914893617
95	T	2	0.0425531914893617
96	A	2	0.0425531914893617
96	C	1	0.02127659574468085
97	C	2	0.0425531914893617
97	T	2	0.0425531914893617
98	C	2	0.0425531914893617
99	T	4	0.0851063829787234
101	A	5	0.10638297872340426
101	C	9	0.19148936170212766
102	A	2	0.0425531914893617
103	G	2	0.0425531914893617
116	A	2	0.0425531914893617
118	G	2	0.0425531914893617
126	G	2	0.0425531914893617
128	G	4	0.0851063829787234
147	G	2	0.0425531914893617
147	T	3	0.06382978723404255
149	G	1	0.02127659574468085
154	G	2	0.0425531914893617
155	A	2	0.0425531914893617
155	T	6	0.1276595744680851
156	A	1	0.02127659574468085
156	T	1	0.02127659574468085
158	A	3	0.06382978723404255
160	A	2	0.0425531914893617
162	A	6	0.1276595744680851
163	A	2	0.0425531914893617
164	C	2	0.0425531914893617
166	A	4	0.0851063829787234
167	A	2	0.0425531914893617
167	G	2	0.0425531914893617
168	T	8	0.1702127659574468
169	A	4	0.0851063829787234
169	C	3	0.06382978723404255
169	T	2	0.0425531914893617
170	A	5	0.10638297872340426
171	G	2	0.0425531914893617
174	G	2	0.0425531914893617
175	A	3	0.06382978723404255
175	C	6	0.1276595744680851
175	T	2	0.0425531914893617
176	G	4	0.0851063829787234
176	T	4	0.0851063829787234
178	G	1	0.02127659574468085
179	T	2	0.0425531914893617
180	A	2	0.0425531914893617
184	G	1	0.02127659574468085
184	T	4	0.0851063829787234
188	T	4	0.0851063829787234
191	A	5	0.10638297872340426
191	G	18	0.3829787234042553
191	T	2	0.0425531914893617
200	G	2	0.0425531914893617
201	C	2	0.0425531914893617
205	G	6	0.1276595744680851
206	G	2	0.0425531914893617
209	T	2	0.0425531914893617
212	A	2	0.0425531914893617
213	C	4	0.0851063829787234
213	G	2	0.0425531914893617
214	A	2	0.0425531914893617
214	C	2	0.0425531914893617
219	G	3	0.06382978723404255
220	A	2	0.0425531914893617
221	A	2	0.0425531914893617
233	G	1	0.02127659574468085
234	T	2	0.0425531914893617
235	C	6	0.1276595744680851
236	G	4	0.0851063829787234
236	T	2	0.0425531914893617
237	C	2	0.0425531914893617
238	C	2	0.0425531914893617
239	T	2	0.0425531914893617
245	A	2	0.0425531914893617
247	C	1	0.02127659574468085
249	G	4	0.0851063829787234
250	C	3	0.06382978723404255
252	G	2	0.0425531914893617
254	T	2	0.0425531914893617
259	C	4	0.0851063829787234
260	C	2	0.0425531914893617
262	T	2	0.0425531914893617
263	A	2	0.0425531914893617
266	A	2	0.0425531914893617
266	C	2	0.0425531914893617
266	T	4	0.0851063829787234
269	T	1	0.02127659574468085
276	C	4	0.0851063829787234
278	A	4	0.0851063829787234
278	C	1	0.02127659574468085
278	T	4	0.0851063829787234
283	T	2	0.0425531914893617
288	A	1	0.02127659574468085
