Position	Nucleotide	Multiplicity	Frequency
68	G	2	0.10526315789473684
80	T	1	0.05263157894736842
81	G	1	0.05263157894736842
85	C	1	0.05263157894736842
87	G	2	0.10526315789473684
89	A	3	0.15789473684210525
91	A	2	0.10526315789473684
92	G	2	0.10526315789473684
96	A	2	0.10526315789473684
98	C	2	0.10526315789473684
102	A	2	0.10526315789473684
116	G	1	0.05263157894736842
128	C	2	0.10526315789473684
129	A	2	0.10526315789473684
130	A	2	0.10526315789473684
131	A	2	0.10526315789473684
136	A	1	0.05263157894736842
143	T	1	0.05263157894736842
150	G	1	0.05263157894736842
155	C	1	0.05263157894736842
155	G	2	0.10526315789473684
157	A	1	0.05263157894736842
157	C	1	0.05263157894736842
161	G	1	0.05263157894736842
164	C	2	0.10526315789473684
165	G	1	0.05263157894736842
167	A	1	0.05263157894736842
167	C	3	0.15789473684210525
170	T	1	0.05263157894736842
172	T	1	0.05263157894736842
175	C	2	0.10526315789473684
176	G	1	0.05263157894736842
176	T	1	0.05263157894736842
178	T	1	0.05263157894736842
208	C	2	0.10526315789473684
209	T	1	0.05263157894736842
225	G	1	0.05263157894736842
226	G	3	0.15789473684210525
227	A	3	0.15789473684210525
233	A	4	0.21052631578947367
234	T	1	0.05263157894736842
242	A	1	0.05263157894736842
254	C	1	0.05263157894736842
261	A	1	0.05263157894736842
262	A	1	0.05263157894736842
262	G	2	0.10526315789473684
264	A	1	0.05263157894736842
269	T	1	0.05263157894736842
271	T	1	0.05263157894736842
278	A	2	0.10526315789473684
278	T	1	0.05263157894736842
281	C	1	0.05263157894736842
283	T	2	0.10526315789473684
284	T	2	0.10526315789473684
290	G	2	0.10526315789473684
