Position	Nucleotide	Multiplicity	Frequency
53	C	1	0.01639344262295082
56	A	1	0.01639344262295082
65	T	2	0.03278688524590164
66	A	3	0.04918032786885246
72	C	2	0.03278688524590164
73	C	3	0.04918032786885246
74	A	1	0.01639344262295082
75	C	1	0.01639344262295082
79	A	1	0.01639344262295082
84	T	3	0.04918032786885246
92	C	1	0.01639344262295082
93	G	1	0.01639344262295082
104	T	1	0.01639344262295082
131	A	3	0.04918032786885246
131	T	3	0.04918032786885246
145	C	1	0.01639344262295082
154	C	1	0.01639344262295082
154	G	1	0.01639344262295082
155	C	1	0.01639344262295082
158	C	3	0.04918032786885246
159	G	1	0.01639344262295082
163	A	1	0.01639344262295082
166	A	1	0.01639344262295082
174	T	3	0.04918032786885246
179	G	3	0.04918032786885246
190	G	3	0.04918032786885246
196	T	1	0.01639344262295082
199	T	3	0.04918032786885246
206	T	2	0.03278688524590164
211	C	1	0.01639344262295082
212	C	3	0.04918032786885246
212	G	1	0.01639344262295082
233	G	3	0.04918032786885246
241	C	3	0.04918032786885246
242	C	3	0.04918032786885246
242	G	3	0.04918032786885246
245	T	3	0.04918032786885246
247	A	1	0.01639344262295082
247	C	3	0.04918032786885246
251	C	1	0.01639344262295082
257	T	1	0.01639344262295082
260	T	3	0.04918032786885246
263	A	1	0.01639344262295082
272	C	2	0.03278688524590164
272	T	1	0.01639344262295082
273	T	1	0.01639344262295082
275	T	1	0.01639344262295082
276	G	1	0.01639344262295082
279	C	1	0.01639344262295082
280	A	3	0.04918032786885246
284	C	1	0.01639344262295082
