Position	Nucleotide	Multiplicity	Frequency
49	T	1	0.02702702702702703
71	G	1	0.02702702702702703
71	T	1	0.02702702702702703
77	G	2	0.05405405405405406
80	T	1	0.02702702702702703
82	T	1	0.02702702702702703
84	G	2	0.05405405405405406
88	A	5	0.13513513513513514
88	C	4	0.10810810810810811
89	C	1	0.02702702702702703
90	G	1	0.02702702702702703
91	A	1	0.02702702702702703
92	T	4	0.10810810810810811
93	A	2	0.05405405405405406
93	C	1	0.02702702702702703
95	C	2	0.05405405405405406
96	T	2	0.05405405405405406
97	A	2	0.05405405405405406
97	C	1	0.02702702702702703
101	A	1	0.02702702702702703
103	G	2	0.05405405405405406
104	T	2	0.05405405405405406
123	A	1	0.02702702702702703
127	G	2	0.05405405405405406
131	A	1	0.02702702702702703
144	G	1	0.02702702702702703
146	T	2	0.05405405405405406
152	C	1	0.02702702702702703
153	G	1	0.02702702702702703
153	T	1	0.02702702702702703
154	A	1	0.02702702702702703
154	C	2	0.05405405405405406
155	A	1	0.02702702702702703
156	G	2	0.05405405405405406
159	C	1	0.02702702702702703
160	C	1	0.02702702702702703
160	T	1	0.02702702702702703
162	G	2	0.05405405405405406
163	A	2	0.05405405405405406
166	A	1	0.02702702702702703
166	C	2	0.05405405405405406
167	C	1	0.02702702702702703
169	T	2	0.05405405405405406
170	T	1	0.02702702702702703
171	G	1	0.02702702702702703
172	C	1	0.02702702702702703
173	G	1	0.02702702702702703
173	T	1	0.02702702702702703
174	G	1	0.02702702702702703
180	T	1	0.02702702702702703
181	G	1	0.02702702702702703
189	A	9	0.24324324324324326
198	A	1	0.02702702702702703
202	C	1	0.02702702702702703
207	G	1	0.02702702702702703
211	T	1	0.02702702702702703
215	T	1	0.02702702702702703
230	G	1	0.02702702702702703
230	T	1	0.02702702702702703
231	C	1	0.02702702702702703
233	C	1	0.02702702702702703
240	T	2	0.05405405405405406
242	A	1	0.02702702702702703
248	T	1	0.02702702702702703
249	G	1	0.02702702702702703
250	G	1	0.02702702702702703
251	A	1	0.02702702702702703
254	T	3	0.08108108108108109
255	T	1	0.02702702702702703
261	T	1	0.02702702702702703
266	C	1	0.02702702702702703
266	T	1	0.02702702702702703
270	T	1	0.02702702702702703
278	A	1	0.02702702702702703
278	C	3	0.08108108108108109
288	A	1	0.02702702702702703
290	A	1	0.02702702702702703
