Position	Nucleotide	Multiplicity	Frequency
53	G	11	0.5789473684210527
76	C	2	0.10526315789473684
83	C	1	0.05263157894736842
88	C	2	0.10526315789473684
89	C	2	0.10526315789473684
91	T	1	0.05263157894736842
92	G	1	0.05263157894736842
92	T	2	0.10526315789473684
93	T	1	0.05263157894736842
94	A	3	0.15789473684210525
95	T	2	0.10526315789473684
103	A	8	0.42105263157894735
104	T	1	0.05263157894736842
125	A	1	0.05263157894736842
142	C	2	0.10526315789473684
150	T	2	0.10526315789473684
153	C	2	0.10526315789473684
155	G	6	0.3157894736842105
164	A	2	0.10526315789473684
167	A	1	0.05263157894736842
170	C	2	0.10526315789473684
174	G	6	0.3157894736842105
176	T	6	0.3157894736842105
177	G	6	0.3157894736842105
192	T	1	0.05263157894736842
198	C	1	0.05263157894736842
200	G	8	0.42105263157894735
201	C	2	0.10526315789473684
211	T	2	0.10526315789473684
212	T	1	0.05263157894736842
217	A	1	0.05263157894736842
220	T	1	0.05263157894736842
223	C	2	0.10526315789473684
233	G	1	0.05263157894736842
233	T	2	0.10526315789473684
236	G	2	0.10526315789473684
238	G	2	0.10526315789473684
238	T	1	0.05263157894736842
253	C	2	0.10526315789473684
255	G	1	0.05263157894736842
263	C	1	0.05263157894736842
274	T	2	0.10526315789473684
280	G	2	0.10526315789473684
289	T	6	0.3157894736842105
290	G	2	0.10526315789473684
293	G	2	0.10526315789473684
294	C	2	0.10526315789473684
294	G	1	0.05263157894736842
295	A	2	0.10526315789473684
296	G	2	0.10526315789473684
