Position	Nucleotide	Multiplicity	Frequency
56	A	1	0.07142857142857142
88	C	3	0.21428571428571427
94	A	2	0.14285714285714285
97	C	2	0.14285714285714285
98	T	1	0.07142857142857142
121	C	1	0.07142857142857142
137	T	1	0.07142857142857142
173	A	2	0.14285714285714285
175	G	1	0.07142857142857142
185	T	1	0.07142857142857142
199	C	1	0.07142857142857142
203	A	1	0.07142857142857142
217	G	1	0.07142857142857142
218	A	1	0.07142857142857142
230	G	1	0.07142857142857142
239	A	3	0.21428571428571427
249	G	1	0.07142857142857142
259	C	1	0.07142857142857142
275	C	1	0.07142857142857142
286	T	1	0.07142857142857142
