Position	Nucleotide	Multiplicity	Frequency
62	A	1	0.005714285714285714
67	T	72	0.4114285714285714
69	A	1	0.005714285714285714
72	C	1	0.005714285714285714
74	C	1	0.005714285714285714
86	T	79	0.4514285714285714
88	A	2	0.011428571428571429
89	C	2	0.011428571428571429
90	C	78	0.44571428571428573
90	T	2	0.011428571428571429
91	A	3	0.017142857142857144
92	A	79	0.4514285714285714
92	C	2	0.011428571428571429
96	A	1	0.005714285714285714
98	T	3	0.017142857142857144
99	G	1	0.005714285714285714
103	C	2	0.011428571428571429
104	T	2	0.011428571428571429
109	A	1	0.005714285714285714
110	T	1	0.005714285714285714
111	A	1	0.005714285714285714
113	A	1	0.005714285714285714
113	C	1	0.005714285714285714
115	C	1	0.005714285714285714
117	T	3	0.017142857142857144
123	A	1	0.005714285714285714
125	A	1	0.005714285714285714
126	C	1	0.005714285714285714
127	G	80	0.45714285714285713
128	C	2	0.011428571428571429
131	G	1	0.005714285714285714
132	G	1	0.005714285714285714
132	T	1	0.005714285714285714
136	C	1	0.005714285714285714
136	G	1	0.005714285714285714
141	C	1	0.005714285714285714
141	G	1	0.005714285714285714
145	A	1	0.005714285714285714
146	C	1	0.005714285714285714
147	A	79	0.4514285714285714
147	G	3	0.017142857142857144
149	A	3	0.017142857142857144
149	C	79	0.4514285714285714
151	G	1	0.005714285714285714
152	T	2	0.011428571428571429
153	A	4	0.022857142857142857
153	C	1	0.005714285714285714
155	C	2	0.011428571428571429
156	C	3	0.017142857142857144
158	T	2	0.011428571428571429
160	C	80	0.45714285714285713
160	T	1	0.005714285714285714
161	G	1	0.005714285714285714
164	A	2	0.011428571428571429
166	A	1	0.005714285714285714
166	C	81	0.46285714285714286
166	T	1	0.005714285714285714
167	A	2	0.011428571428571429
171	T	1	0.005714285714285714
172	C	1	0.005714285714285714
172	T	1	0.005714285714285714
173	A	2	0.011428571428571429
173	G	1	0.005714285714285714
173	T	1	0.005714285714285714
178	G	2	0.011428571428571429
179	A	2	0.011428571428571429
179	T	2	0.011428571428571429
182	G	1	0.005714285714285714
183	C	1	0.005714285714285714
188	A	1	0.005714285714285714
189	C	80	0.45714285714285713
191	C	1	0.005714285714285714
192	G	1	0.005714285714285714
196	A	1	0.005714285714285714
205	C	1	0.005714285714285714
206	C	1	0.005714285714285714
206	G	2	0.011428571428571429
206	T	3	0.017142857142857144
207	G	1	0.005714285714285714
209	C	3	0.017142857142857144
209	G	1	0.005714285714285714
209	T	1	0.005714285714285714
210	C	80	0.45714285714285713
210	T	1	0.005714285714285714
212	G	2	0.011428571428571429
217	T	1	0.005714285714285714
225	G	1	0.005714285714285714
226	C	1	0.005714285714285714
227	T	1	0.005714285714285714
228	G	2	0.011428571428571429
230	A	72	0.4114285714285714
230	C	1	0.005714285714285714
230	T	1	0.005714285714285714
231	A	2	0.011428571428571429
231	C	1	0.005714285714285714
234	C	3	0.017142857142857144
234	G	1	0.005714285714285714
237	T	1	0.005714285714285714
239	A	1	0.005714285714285714
241	C	2	0.011428571428571429
241	G	80	0.45714285714285713
243	G	1	0.005714285714285714
243	T	82	0.4685714285714286
244	G	1	0.005714285714285714
245	A	1	0.005714285714285714
246	C	1	0.005714285714285714
246	G	1	0.005714285714285714
247	A	2	0.011428571428571429
247	C	79	0.4514285714285714
247	T	2	0.011428571428571429
249	C	1	0.005714285714285714
250	T	2	0.011428571428571429
251	C	1	0.005714285714285714
253	C	2	0.011428571428571429
257	A	1	0.005714285714285714
257	G	1	0.005714285714285714
260	C	7	0.04
260	T	1	0.005714285714285714
262	T	1	0.005714285714285714
266	T	1	0.005714285714285714
267	T	1	0.005714285714285714
272	T	5	0.02857142857142857
275	C	82	0.4685714285714286
278	C	3	0.017142857142857144
280	C	1	0.005714285714285714
284	G	2	0.011428571428571429
287	C	1	0.005714285714285714
