Position	Nucleotide	Multiplicity	Frequency
45	G	1	0.047619047619047616
66	A	1	0.047619047619047616
67	A	2	0.09523809523809523
70	T	3	0.14285714285714285
71	A	1	0.047619047619047616
78	C	1	0.047619047619047616
79	A	1	0.047619047619047616
82	A	3	0.14285714285714285
83	T	1	0.047619047619047616
84	C	2	0.09523809523809523
85	C	2	0.09523809523809523
86	A	1	0.047619047619047616
86	T	1	0.047619047619047616
87	G	1	0.047619047619047616
89	A	1	0.047619047619047616
89	C	3	0.14285714285714285
90	G	1	0.047619047619047616
91	A	2	0.09523809523809523
91	C	2	0.09523809523809523
93	C	2	0.09523809523809523
94	C	1	0.047619047619047616
95	C	1	0.047619047619047616
96	A	3	0.14285714285714285
96	C	2	0.09523809523809523
97	T	1	0.047619047619047616
99	C	1	0.047619047619047616
101	T	2	0.09523809523809523
115	G	2	0.09523809523809523
117	A	2	0.09523809523809523
124	C	1	0.047619047619047616
130	C	1	0.047619047619047616
131	A	3	0.14285714285714285
134	G	1	0.047619047619047616
137	A	1	0.047619047619047616
143	C	2	0.09523809523809523
144	A	2	0.09523809523809523
146	T	2	0.09523809523809523
147	A	2	0.09523809523809523
147	C	3	0.14285714285714285
147	T	1	0.047619047619047616
149	C	3	0.14285714285714285
152	T	1	0.047619047619047616
155	G	2	0.09523809523809523
156	C	1	0.047619047619047616
157	T	3	0.14285714285714285
159	A	1	0.047619047619047616
160	C	1	0.047619047619047616
163	A	1	0.047619047619047616
164	G	2	0.09523809523809523
165	T	2	0.09523809523809523
166	A	3	0.14285714285714285
167	C	5	0.23809523809523808
168	G	1	0.047619047619047616
169	C	2	0.09523809523809523
169	G	1	0.047619047619047616
170	C	1	0.047619047619047616
171	C	2	0.09523809523809523
171	G	1	0.047619047619047616
174	A	2	0.09523809523809523
174	C	1	0.047619047619047616
175	T	3	0.14285714285714285
176	A	1	0.047619047619047616
179	T	1	0.047619047619047616
180	T	1	0.047619047619047616
188	T	1	0.047619047619047616
205	T	2	0.09523809523809523
207	G	2	0.09523809523809523
215	G	1	0.047619047619047616
221	C	2	0.09523809523809523
221	G	2	0.09523809523809523
222	G	1	0.047619047619047616
227	A	2	0.09523809523809523
229	G	1	0.047619047619047616
230	T	1	0.047619047619047616
231	T	1	0.047619047619047616
232	T	1	0.047619047619047616
233	A	1	0.047619047619047616
233	C	2	0.09523809523809523
234	G	1	0.047619047619047616
234	T	1	0.047619047619047616
237	A	1	0.047619047619047616
238	T	1	0.047619047619047616
240	G	1	0.047619047619047616
240	T	1	0.047619047619047616
246	C	1	0.047619047619047616
249	G	1	0.047619047619047616
250	G	2	0.09523809523809523
261	C	5	0.23809523809523808
262	T	2	0.09523809523809523
263	C	2	0.09523809523809523
266	A	1	0.047619047619047616
275	C	1	0.047619047619047616
278	A	2	0.09523809523809523
278	C	1	0.047619047619047616
278	T	2	0.09523809523809523
289	G	1	0.047619047619047616
