Position	Nucleotide	Multiplicity	Frequency
67	G	2	0.08695652173913043
71	T	1	0.043478260869565216
72	C	1	0.043478260869565216
88	A	1	0.043478260869565216
88	C	1	0.043478260869565216
90	C	1	0.043478260869565216
91	C	1	0.043478260869565216
91	T	1	0.043478260869565216
92	A	1	0.043478260869565216
92	T	1	0.043478260869565216
94	T	1	0.043478260869565216
95	A	1	0.043478260869565216
103	C	1	0.043478260869565216
104	T	1	0.043478260869565216
115	G	1	0.043478260869565216
148	C	1	0.043478260869565216
148	T	1	0.043478260869565216
150	G	1	0.043478260869565216
150	T	1	0.043478260869565216
155	C	3	0.13043478260869565
156	G	1	0.043478260869565216
157	G	1	0.043478260869565216
158	G	1	0.043478260869565216
160	C	1	0.043478260869565216
165	G	1	0.043478260869565216
169	G	1	0.043478260869565216
170	A	1	0.043478260869565216
170	C	1	0.043478260869565216
171	G	1	0.043478260869565216
172	T	1	0.043478260869565216
173	C	1	0.043478260869565216
173	T	1	0.043478260869565216
174	C	1	0.043478260869565216
221	T	1	0.043478260869565216
224	G	1	0.043478260869565216
226	G	1	0.043478260869565216
230	T	1	0.043478260869565216
232	T	1	0.043478260869565216
234	G	2	0.08695652173913043
238	C	1	0.043478260869565216
238	T	1	0.043478260869565216
242	C	1	0.043478260869565216
243	G	1	0.043478260869565216
245	C	1	0.043478260869565216
250	G	2	0.08695652173913043
262	A	1	0.043478260869565216
262	T	1	0.043478260869565216
266	A	1	0.043478260869565216
276	A	2	0.08695652173913043
278	A	2	0.08695652173913043
278	T	1	0.043478260869565216
284	T	1	0.043478260869565216
287	C	2	0.08695652173913043
288	A	3	0.13043478260869565
289	T	1	0.043478260869565216
290	A	1	0.043478260869565216
