Position	Nucleotide	Multiplicity	Frequency
50	A	42	0.9333333333333333
69	C	1	0.022222222222222223
71	C	2	0.044444444444444446
72	C	2	0.044444444444444446
77	G	1	0.022222222222222223
78	T	1	0.022222222222222223
79	A	1	0.022222222222222223
81	G	1	0.022222222222222223
82	A	1	0.022222222222222223
84	C	2	0.044444444444444446
88	C	2	0.044444444444444446
89	T	1	0.022222222222222223
91	A	3	0.06666666666666667
92	A	1	0.022222222222222223
92	T	1	0.022222222222222223
95	C	1	0.022222222222222223
96	G	1	0.022222222222222223
97	A	1	0.022222222222222223
97	G	3	0.06666666666666667
98	C	1	0.022222222222222223
99	T	2	0.044444444444444446
103	A	1	0.022222222222222223
103	T	1	0.022222222222222223
106	A	1	0.022222222222222223
111	T	1	0.022222222222222223
131	A	1	0.022222222222222223
137	A	1	0.022222222222222223
140	A	1	0.022222222222222223
146	C	1	0.022222222222222223
147	C	1	0.022222222222222223
150	T	1	0.022222222222222223
154	C	1	0.022222222222222223
158	A	1	0.022222222222222223
161	G	2	0.044444444444444446
162	A	1	0.022222222222222223
162	G	1	0.022222222222222223
162	T	1	0.022222222222222223
164	C	2	0.044444444444444446
166	A	2	0.044444444444444446
167	A	1	0.022222222222222223
167	G	1	0.022222222222222223
168	G	1	0.022222222222222223
169	A	1	0.022222222222222223
170	G	1	0.022222222222222223
171	A	1	0.022222222222222223
174	G	1	0.022222222222222223
175	T	1	0.022222222222222223
176	G	1	0.022222222222222223
176	T	1	0.022222222222222223
179	T	1	0.022222222222222223
180	A	2	0.044444444444444446
182	T	1	0.022222222222222223
186	C	1	0.022222222222222223
188	A	1	0.022222222222222223
190	C	1	0.022222222222222223
191	T	1	0.022222222222222223
193	G	1	0.022222222222222223
196	A	2	0.044444444444444446
197	T	1	0.022222222222222223
205	T	1	0.022222222222222223
206	T	1	0.022222222222222223
207	T	1	0.022222222222222223
209	A	1	0.022222222222222223
212	G	1	0.022222222222222223
221	T	1	0.022222222222222223
224	T	1	0.022222222222222223
227	T	1	0.022222222222222223
229	C	1	0.022222222222222223
230	A	1	0.022222222222222223
230	G	1	0.022222222222222223
232	A	1	0.022222222222222223
235	T	2	0.044444444444444446
237	C	1	0.022222222222222223
238	T	1	0.022222222222222223
245	C	1	0.022222222222222223
246	A	1	0.022222222222222223
246	G	1	0.022222222222222223
246	T	1	0.022222222222222223
249	C	1	0.022222222222222223
250	A	1	0.022222222222222223
251	A	1	0.022222222222222223
254	T	1	0.022222222222222223
257	A	1	0.022222222222222223
266	A	1	0.022222222222222223
266	C	1	0.022222222222222223
276	A	1	0.022222222222222223
278	A	1	0.022222222222222223
278	C	2	0.044444444444444446
284	T	1	0.022222222222222223
288	A	1	0.022222222222222223
290	A	1	0.022222222222222223
