Position	Nucleotide	Multiplicity	Frequency
48	C	1	0.037037037037037035
86	T	1	0.037037037037037035
90	G	1	0.037037037037037035
91	A	2	0.07407407407407407
92	A	1	0.037037037037037035
92	T	1	0.037037037037037035
95	C	1	0.037037037037037035
96	G	1	0.037037037037037035
96	T	1	0.037037037037037035
98	G	1	0.037037037037037035
103	C	1	0.037037037037037035
119	C	1	0.037037037037037035
125	A	1	0.037037037037037035
129	A	1	0.037037037037037035
145	T	1	0.037037037037037035
152	C	1	0.037037037037037035
153	C	1	0.037037037037037035
154	T	1	0.037037037037037035
156	G	1	0.037037037037037035
156	T	1	0.037037037037037035
157	A	2	0.07407407407407407
158	G	1	0.037037037037037035
160	C	1	0.037037037037037035
162	G	1	0.037037037037037035
162	T	1	0.037037037037037035
163	C	1	0.037037037037037035
165	G	1	0.037037037037037035
166	C	2	0.07407407407407407
167	G	1	0.037037037037037035
170	G	1	0.037037037037037035
176	T	1	0.037037037037037035
179	T	1	0.037037037037037035
187	G	1	0.037037037037037035
188	A	1	0.037037037037037035
189	A	1	0.037037037037037035
210	C	1	0.037037037037037035
215	G	1	0.037037037037037035
220	G	1	0.037037037037037035
222	A	1	0.037037037037037035
231	A	1	0.037037037037037035
233	C	1	0.037037037037037035
233	G	1	0.037037037037037035
238	C	1	0.037037037037037035
250	C	1	0.037037037037037035
269	T	1	0.037037037037037035
270	T	1	0.037037037037037035
275	C	2	0.07407407407407407
275	G	1	0.037037037037037035
278	A	1	0.037037037037037035
278	T	1	0.037037037037037035
284	G	1	0.037037037037037035
284	T	1	0.037037037037037035
285	G	1	0.037037037037037035
286	A	1	0.037037037037037035
287	G	1	0.037037037037037035
288	A	1	0.037037037037037035
289	A	1	0.037037037037037035
290	C	1	0.037037037037037035
290	T	1	0.037037037037037035
