Position	Nucleotide	Multiplicity	Frequency
71	C	7	0.1320754716981132
82	G	2	0.03773584905660377
83	G	2	0.03773584905660377
84	A	1	0.018867924528301886
86	C	6	0.11320754716981132
88	G	7	0.1320754716981132
88	T	1	0.018867924528301886
91	C	2	0.03773584905660377
92	G	1	0.018867924528301886
92	T	1	0.018867924528301886
93	C	1	0.018867924528301886
96	A	6	0.11320754716981132
102	T	6	0.11320754716981132
103	C	6	0.11320754716981132
104	T	2	0.03773584905660377
112	A	1	0.018867924528301886
115	C	1	0.018867924528301886
128	C	1	0.018867924528301886
128	G	8	0.1509433962264151
132	T	1	0.018867924528301886
144	A	1	0.018867924528301886
145	C	2	0.03773584905660377
146	C	6	0.11320754716981132
147	A	1	0.018867924528301886
150	G	7	0.1320754716981132
154	C	1	0.018867924528301886
155	T	1	0.018867924528301886
156	A	2	0.03773584905660377
156	C	6	0.11320754716981132
160	T	2	0.03773584905660377
161	T	1	0.018867924528301886
166	A	2	0.03773584905660377
167	A	2	0.03773584905660377
167	G	1	0.018867924528301886
168	T	1	0.018867924528301886
169	T	1	0.018867924528301886
170	A	1	0.018867924528301886
170	T	1	0.018867924528301886
173	G	6	0.11320754716981132
174	T	8	0.1509433962264151
175	G	1	0.018867924528301886
176	T	7	0.1320754716981132
178	C	2	0.03773584905660377
185	A	1	0.018867924528301886
187	C	1	0.018867924528301886
188	A	2	0.03773584905660377
188	C	6	0.11320754716981132
188	T	1	0.018867924528301886
189	T	8	0.1509433962264151
196	A	6	0.11320754716981132
198	C	1	0.018867924528301886
204	T	2	0.03773584905660377
207	T	2	0.03773584905660377
210	G	2	0.03773584905660377
212	T	2	0.03773584905660377
215	C	2	0.03773584905660377
215	G	1	0.018867924528301886
215	T	1	0.018867924528301886
217	C	1	0.018867924528301886
219	C	1	0.018867924528301886
220	A	1	0.018867924528301886
221	G	1	0.018867924528301886
228	G	1	0.018867924528301886
229	A	2	0.03773584905660377
229	C	6	0.11320754716981132
232	T	1	0.018867924528301886
242	A	1	0.018867924528301886
245	A	3	0.05660377358490566
246	T	1	0.018867924528301886
250	C	1	0.018867924528301886
251	C	2	0.03773584905660377
252	G	2	0.03773584905660377
253	A	2	0.03773584905660377
257	A	6	0.11320754716981132
258	C	1	0.018867924528301886
263	G	1	0.018867924528301886
266	G	2	0.03773584905660377
271	G	1	0.018867924528301886
276	A	1	0.018867924528301886
276	C	1	0.018867924528301886
276	T	6	0.11320754716981132
278	T	3	0.05660377358490566
283	T	2	0.03773584905660377
289	G	1	0.018867924528301886
289	T	3	0.05660377358490566
