Position	Nucleotide	Multiplicity	Frequency
10	A	3	0.06976744186046512
10	C	1	0.023255813953488372
10	G	1	0.023255813953488372
11	G	1	0.023255813953488372
12	G	1	0.023255813953488372
14	G	1	0.023255813953488372
15	C	1	0.023255813953488372
16	A	2	0.046511627906976744
16	G	1	0.023255813953488372
16	T	1	0.023255813953488372
17	A	1	0.023255813953488372
17	C	1	0.023255813953488372
18	G	1	0.023255813953488372
26	A	2	0.046511627906976744
27	A	2	0.046511627906976744
27	C	1	0.023255813953488372
27	G	2	0.046511627906976744
30	A	2	0.046511627906976744
31	G	2	0.046511627906976744
31	T	1	0.023255813953488372
