Position	Nucleotide	Multiplicity	Frequency
10	A	7	0.05982905982905983
10	G	7	0.05982905982905983
10	T	10	0.08547008547008547
11	A	12	0.10256410256410256
11	C	11	0.09401709401709402
11	G	6	0.05128205128205128
12	C	19	0.1623931623931624
12	G	7	0.05982905982905983
12	T	14	0.11965811965811966
13	A	7	0.05982905982905983
13	G	10	0.08547008547008547
13	T	11	0.09401709401709402
14	A	8	0.06837606837606838
14	C	8	0.06837606837606838
14	G	17	0.1452991452991453
15	C	10	0.08547008547008547
15	G	15	0.1282051282051282
15	T	7	0.05982905982905983
16	A	1	0.008547008547008548
16	G	19	0.1623931623931624
16	T	5	0.042735042735042736
17	A	3	0.02564102564102564
17	C	2	0.017094017094017096
18	A	7	0.05982905982905983
18	C	21	0.1794871794871795
18	G	1	0.008547008547008548
19	A	10	0.08547008547008547
19	C	11	0.09401709401709402
19	G	7	0.05982905982905983
19	T	1	0.008547008547008548
20	C	15	0.1282051282051282
20	G	4	0.03418803418803419
20	T	18	0.15384615384615385
21	A	3	0.02564102564102564
21	G	1	0.008547008547008548
22	A	1	0.008547008547008548
22	C	2	0.017094017094017096
22	T	1	0.008547008547008548
23	C	1	0.008547008547008548
24	C	1	0.008547008547008548
25	G	1	0.008547008547008548
26	A	1	0.008547008547008548
26	T	3	0.02564102564102564
27	A	3	0.02564102564102564
27	C	1	0.008547008547008548
28	G	1	0.008547008547008548
28	T	2	0.017094017094017096
34	T	1	0.008547008547008548
35	C	2	0.017094017094017096
36	C	2	0.017094017094017096
36	G	4	0.03418803418803419
37	C	1	0.008547008547008548
37	G	6	0.05128205128205128
37	T	2	0.017094017094017096
40	A	1	0.008547008547008548
41	G	1	0.008547008547008548
