Position	Nucleotide	Multiplicity	Frequency
10	A	4	0.037037037037037035
10	G	5	0.046296296296296294
10	T	10	0.09259259259259259
11	A	2	0.018518518518518517
11	C	1	0.009259259259259259
11	T	2	0.018518518518518517
12	C	15	0.1388888888888889
12	G	4	0.037037037037037035
12	T	1	0.009259259259259259
13	A	2	0.018518518518518517
13	G	2	0.018518518518518517
13	T	5	0.046296296296296294
14	A	4	0.037037037037037035
14	G	6	0.05555555555555555
14	T	10	0.09259259259259259
15	A	15	0.1388888888888889
15	G	2	0.018518518518518517
15	T	3	0.027777777777777776
16	G	1	0.009259259259259259
16	T	4	0.037037037037037035
22	G	1	0.009259259259259259
22	T	1	0.009259259259259259
24	G	5	0.046296296296296294
24	T	3	0.027777777777777776
25	G	15	0.1388888888888889
28	C	2	0.018518518518518517
28	G	1	0.009259259259259259
28	T	1	0.009259259259259259
29	G	3	0.027777777777777776
29	T	5	0.046296296296296294
