Position	Nucleotide	Multiplicity	Frequency
10	A	2	0.05714285714285714
10	C	2	0.05714285714285714
11	A	2	0.05714285714285714
11	G	6	0.17142857142857143
11	T	2	0.05714285714285714
12	G	11	0.3142857142857143
12	T	1	0.02857142857142857
13	C	2	0.05714285714285714
13	G	3	0.08571428571428572
13	T	4	0.11428571428571428
14	A	9	0.2571428571428571
14	C	15	0.42857142857142855
14	T	1	0.02857142857142857
15	A	1	0.02857142857142857
15	G	3	0.08571428571428572
15	T	3	0.08571428571428572
16	C	1	0.02857142857142857
16	G	2	0.05714285714285714
16	T	2	0.05714285714285714
17	G	1	0.02857142857142857
17	T	1	0.02857142857142857
24	A	1	0.02857142857142857
25	G	2	0.05714285714285714
29	A	15	0.42857142857142855
29	T	1	0.02857142857142857
30	C	1	0.02857142857142857
