Position	Nucleotide	Multiplicity	Frequency
10	A	27	0.04576271186440678
10	G	24	0.04067796610169491
10	T	21	0.03559322033898305
11	A	25	0.0423728813559322
11	C	45	0.07627118644067797
11	G	18	0.030508474576271188
12	C	55	0.09322033898305085
12	G	32	0.05423728813559322
12	T	69	0.11694915254237288
13	A	8	0.013559322033898305
13	G	21	0.03559322033898305
13	T	59	0.1
19	T	6	0.010169491525423728
20	G	1	0.001694915254237288
21	C	8	0.013559322033898305
21	G	7	0.011864406779661017
21	T	3	0.005084745762711864
22	C	1	0.001694915254237288
22	G	6	0.010169491525423728
22	T	1	0.001694915254237288
25	A	3	0.005084745762711864
25	C	1	0.001694915254237288
25	G	6	0.010169491525423728
26	C	3	0.005084745762711864
26	G	43	0.07288135593220339
26	T	2	0.003389830508474576
