Position	Nucleotide	Multiplicity	Frequency
10	A	1	0.009345794392523364
10	C	4	0.037383177570093455
11	G	1	0.009345794392523364
11	T	1	0.009345794392523364
12	A	3	0.028037383177570093
12	C	13	0.12149532710280374
12	G	3	0.028037383177570093
13	A	4	0.037383177570093455
13	C	7	0.06542056074766354
13	T	4	0.037383177570093455
14	A	3	0.028037383177570093
15	A	1	0.009345794392523364
15	G	12	0.11214953271028037
15	T	12	0.11214953271028037
21	A	1	0.009345794392523364
21	T	2	0.018691588785046728
23	C	2	0.018691588785046728
23	G	1	0.009345794392523364
24	G	6	0.056074766355140186
24	T	1	0.009345794392523364
27	A	5	0.04672897196261682
27	T	1	0.009345794392523364
28	G	12	0.11214953271028037
