Position	Nucleotide	Multiplicity	Frequency
53	A	1	0.034482758620689655
65	C	3	0.10344827586206896
67	A	3	0.10344827586206896
70	G	1	0.034482758620689655
70	T	2	0.06896551724137931
71	G	1	0.034482758620689655
74	A	3	0.10344827586206896
76	A	5	0.1724137931034483
76	C	1	0.034482758620689655
76	T	1	0.034482758620689655
77	G	1	0.034482758620689655
78	A	1	0.034482758620689655
78	C	1	0.034482758620689655
80	G	1	0.034482758620689655
81	G	2	0.06896551724137931
82	A	1	0.034482758620689655
82	T	2	0.06896551724137931
84	T	4	0.13793103448275862
86	T	1	0.034482758620689655
87	G	9	0.3103448275862069
88	A	9	0.3103448275862069
88	C	2	0.06896551724137931
89	C	3	0.10344827586206896
90	G	1	0.034482758620689655
91	A	24	0.8275862068965517
91	T	1	0.034482758620689655
92	G	1	0.034482758620689655
92	T	2	0.06896551724137931
93	C	3	0.10344827586206896
93	T	2	0.06896551724137931
94	C	1	0.034482758620689655
94	G	1	0.034482758620689655
95	G	1	0.034482758620689655
95	T	9	0.3103448275862069
96	G	3	0.10344827586206896
97	C	3	0.10344827586206896
97	G	1	0.034482758620689655
97	T	1	0.034482758620689655
98	G	1	0.034482758620689655
98	T	2	0.06896551724137931
99	G	3	0.10344827586206896
101	A	1	0.034482758620689655
102	C	1	0.034482758620689655
102	G	5	0.1724137931034483
103	A	1	0.034482758620689655
103	C	6	0.20689655172413793
104	A	2	0.06896551724137931
104	T	9	0.3103448275862069
105	C	1	0.034482758620689655
106	T	1	0.034482758620689655
107	T	1	0.034482758620689655
108	A	1	0.034482758620689655
108	T	3	0.10344827586206896
109	C	1	0.034482758620689655
113	G	3	0.10344827586206896
115	C	1	0.034482758620689655
119	C	7	0.2413793103448276
119	G	1	0.034482758620689655
122	G	1	0.034482758620689655
125	A	1	0.034482758620689655
128	C	1	0.034482758620689655
129	A	2	0.06896551724137931
131	A	1	0.034482758620689655
131	C	3	0.10344827586206896
131	T	1	0.034482758620689655
137	A	1	0.034482758620689655
137	C	3	0.10344827586206896
139	A	1	0.034482758620689655
140	C	2	0.06896551724137931
141	A	3	0.10344827586206896
143	A	1	0.034482758620689655
144	A	1	0.034482758620689655
144	G	1	0.034482758620689655
146	C	1	0.034482758620689655
146	G	3	0.10344827586206896
147	A	6	0.20689655172413793
147	C	15	0.5172413793103449
148	C	2	0.06896551724137931
152	C	6	0.20689655172413793
152	G	1	0.034482758620689655
154	C	1	0.034482758620689655
154	T	2	0.06896551724137931
155	A	1	0.034482758620689655
155	C	2	0.06896551724137931
157	C	2	0.06896551724137931
158	A	1	0.034482758620689655
158	T	12	0.41379310344827586
159	A	7	0.2413793103448276
160	A	1	0.034482758620689655
160	C	10	0.3448275862068966
161	A	6	0.20689655172413793
162	A	1	0.034482758620689655
163	A	1	0.034482758620689655
163	T	1	0.034482758620689655
164	A	1	0.034482758620689655
164	G	3	0.10344827586206896
165	C	1	0.034482758620689655
165	G	6	0.20689655172413793
165	T	3	0.10344827586206896
166	A	9	0.3103448275862069
166	C	15	0.5172413793103449
167	A	1	0.034482758620689655
167	T	5	0.1724137931034483
170	T	1	0.034482758620689655
171	A	4	0.13793103448275862
171	C	8	0.27586206896551724
172	T	4	0.13793103448275862
173	G	2	0.06896551724137931
174	C	1	0.034482758620689655
175	C	3	0.10344827586206896
176	G	1	0.034482758620689655
177	T	1	0.034482758620689655
182	A	2	0.06896551724137931
184	T	3	0.10344827586206896
185	A	1	0.034482758620689655
189	C	3	0.10344827586206896
190	G	1	0.034482758620689655
191	T	1	0.034482758620689655
193	A	1	0.034482758620689655
194	T	3	0.10344827586206896
195	C	6	0.20689655172413793
197	C	3	0.10344827586206896
202	T	1	0.034482758620689655
203	T	1	0.034482758620689655
204	G	4	0.13793103448275862
206	T	3	0.10344827586206896
208	A	1	0.034482758620689655
211	T	1	0.034482758620689655
212	T	1	0.034482758620689655
216	C	1	0.034482758620689655
217	C	2	0.06896551724137931
217	G	16	0.5517241379310345
218	A	1	0.034482758620689655
218	C	2	0.06896551724137931
219	A	1	0.034482758620689655
219	G	1	0.034482758620689655
221	G	1	0.034482758620689655
222	G	4	0.13793103448275862
223	G	1	0.034482758620689655
224	C	4	0.13793103448275862
225	C	3	0.10344827586206896
226	C	1	0.034482758620689655
227	G	3	0.10344827586206896
229	T	4	0.13793103448275862
230	A	11	0.3793103448275862
230	T	1	0.034482758620689655
231	G	11	0.3793103448275862
231	T	5	0.1724137931034483
233	A	4	0.13793103448275862
234	A	1	0.034482758620689655
235	C	1	0.034482758620689655
235	T	3	0.10344827586206896
239	A	1	0.034482758620689655
239	C	3	0.10344827586206896
242	G	3	0.10344827586206896
246	G	1	0.034482758620689655
247	G	3	0.10344827586206896
248	T	2	0.06896551724137931
250	A	1	0.034482758620689655
250	C	1	0.034482758620689655
251	T	8	0.27586206896551724
252	A	1	0.034482758620689655
252	T	1	0.034482758620689655
255	G	1	0.034482758620689655
256	C	3	0.10344827586206896
257	C	1	0.034482758620689655
258	A	6	0.20689655172413793
258	C	1	0.034482758620689655
258	T	3	0.10344827586206896
259	G	7	0.2413793103448276
259	T	10	0.3448275862068966
260	C	1	0.034482758620689655
263	A	1	0.034482758620689655
263	C	1	0.034482758620689655
266	A	1	0.034482758620689655
266	T	6	0.20689655172413793
267	T	6	0.20689655172413793
271	G	4	0.13793103448275862
272	C	6	0.20689655172413793
273	A	1	0.034482758620689655
274	A	1	0.034482758620689655
275	A	4	0.13793103448275862
275	C	4	0.13793103448275862
275	T	1	0.034482758620689655
280	T	1	0.034482758620689655
281	T	10	0.3448275862068966
284	C	1	0.034482758620689655
284	G	1	0.034482758620689655
285	A	8	0.27586206896551724
285	T	1	0.034482758620689655
286	T	7	0.2413793103448276
