Position	Nucleotide	Multiplicity	Frequency
45	G	30	0.32967032967032966
66	A	2	0.02197802197802198
66	T	1	0.01098901098901099
67	A	2	0.02197802197802198
67	G	2	0.02197802197802198
67	T	8	0.08791208791208792
68	C	2	0.02197802197802198
68	G	1	0.01098901098901099
68	T	1	0.01098901098901099
69	A	4	0.04395604395604396
70	T	3	0.03296703296703297
71	A	1	0.01098901098901099
71	C	6	0.06593406593406594
72	G	1	0.01098901098901099
73	T	2	0.02197802197802198
74	C	1	0.01098901098901099
74	G	2	0.02197802197802198
75	A	3	0.03296703296703297
75	C	1	0.01098901098901099
75	T	1	0.01098901098901099
76	A	2	0.02197802197802198
76	C	3	0.03296703296703297
76	T	1	0.01098901098901099
77	C	5	0.054945054945054944
77	G	1	0.01098901098901099
77	T	1	0.01098901098901099
78	G	1	0.01098901098901099
79	C	1	0.01098901098901099
79	G	1	0.01098901098901099
81	G	5	0.054945054945054944
82	A	3	0.03296703296703297
82	G	5	0.054945054945054944
82	T	10	0.10989010989010989
83	G	2	0.02197802197802198
83	T	6	0.06593406593406594
84	A	1	0.01098901098901099
84	C	5	0.054945054945054944
86	A	4	0.04395604395604396
86	G	1	0.01098901098901099
86	T	5	0.054945054945054944
87	C	2	0.02197802197802198
87	G	1	0.01098901098901099
87	T	1	0.01098901098901099
88	A	11	0.12087912087912088
88	C	5	0.054945054945054944
89	A	6	0.06593406593406594
89	C	7	0.07692307692307693
89	G	8	0.08791208791208792
90	C	6	0.06593406593406594
90	G	13	0.14285714285714285
90	T	1	0.01098901098901099
91	A	30	0.32967032967032966
91	C	18	0.1978021978021978
91	T	1	0.01098901098901099
92	A	5	0.054945054945054944
92	T	20	0.21978021978021978
93	A	1	0.01098901098901099
93	C	5	0.054945054945054944
94	T	4	0.04395604395604396
95	C	9	0.0989010989010989
96	A	6	0.06593406593406594
96	C	4	0.04395604395604396
97	A	2	0.02197802197802198
97	C	7	0.07692307692307693
97	T	3	0.03296703296703297
98	A	1	0.01098901098901099
98	G	3	0.03296703296703297
98	T	4	0.04395604395604396
99	C	7	0.07692307692307693
99	G	4	0.04395604395604396
99	T	2	0.02197802197802198
100	C	2	0.02197802197802198
101	A	7	0.07692307692307693
101	C	1	0.01098901098901099
101	T	1	0.01098901098901099
102	A	3	0.03296703296703297
102	G	1	0.01098901098901099
102	T	4	0.04395604395604396
103	C	4	0.04395604395604396
103	G	2	0.02197802197802198
103	T	3	0.03296703296703297
104	G	6	0.06593406593406594
105	C	6	0.06593406593406594
106	A	1	0.01098901098901099
106	C	1	0.01098901098901099
106	T	6	0.06593406593406594
107	C	1	0.01098901098901099
108	A	2	0.02197802197802198
108	T	1	0.01098901098901099
109	G	1	0.01098901098901099
111	T	1	0.01098901098901099
113	G	1	0.01098901098901099
113	T	1	0.01098901098901099
115	C	1	0.01098901098901099
117	A	8	0.08791208791208792
117	T	2	0.02197802197802198
118	T	1	0.01098901098901099
119	C	6	0.06593406593406594
120	A	1	0.01098901098901099
120	G	3	0.03296703296703297
121	A	2	0.02197802197802198
122	C	3	0.03296703296703297
122	G	1	0.01098901098901099
122	T	1	0.01098901098901099
123	A	1	0.01098901098901099
124	A	2	0.02197802197802198
124	T	1	0.01098901098901099
125	T	1	0.01098901098901099
126	C	2	0.02197802197802198
126	G	4	0.04395604395604396
127	C	5	0.054945054945054944
127	G	1	0.01098901098901099
127	T	1	0.01098901098901099
130	C	1	0.01098901098901099
130	T	1	0.01098901098901099
131	A	6	0.06593406593406594
131	T	4	0.04395604395604396
132	G	1	0.01098901098901099
133	C	7	0.07692307692307693
133	G	1	0.01098901098901099
134	A	1	0.01098901098901099
134	C	1	0.01098901098901099
135	A	4	0.04395604395604396
135	C	2	0.02197802197802198
137	A	2	0.02197802197802198
137	T	3	0.03296703296703297
138	C	1	0.01098901098901099
138	G	3	0.03296703296703297
140	A	1	0.01098901098901099
141	A	2	0.02197802197802198
141	C	3	0.03296703296703297
141	T	1	0.01098901098901099
142	G	1	0.01098901098901099
143	A	1	0.01098901098901099
143	T	1	0.01098901098901099
144	A	2	0.02197802197802198
144	T	6	0.06593406593406594
146	C	4	0.04395604395604396
146	G	1	0.01098901098901099
146	T	7	0.07692307692307693
147	A	14	0.15384615384615385
147	C	12	0.13186813186813187
147	T	6	0.06593406593406594
148	A	4	0.04395604395604396
148	C	9	0.0989010989010989
148	G	3	0.03296703296703297
149	C	10	0.10989010989010989
149	G	2	0.02197802197802198
150	C	1	0.01098901098901099
150	G	6	0.06593406593406594
150	T	5	0.054945054945054944
151	C	4	0.04395604395604396
152	C	7	0.07692307692307693
152	G	5	0.054945054945054944
152	T	19	0.2087912087912088
153	A	7	0.07692307692307693
153	G	5	0.054945054945054944
153	T	7	0.07692307692307693
154	A	3	0.03296703296703297
154	C	6	0.06593406593406594
154	G	5	0.054945054945054944
155	A	6	0.06593406593406594
155	C	3	0.03296703296703297
155	G	9	0.0989010989010989
155	T	2	0.02197802197802198
156	A	11	0.12087912087912088
156	C	11	0.12087912087912088
156	G	4	0.04395604395604396
157	C	10	0.10989010989010989
157	G	2	0.02197802197802198
157	T	13	0.14285714285714285
158	A	1	0.01098901098901099
158	C	3	0.03296703296703297
158	G	4	0.04395604395604396
159	A	8	0.08791208791208792
159	C	3	0.03296703296703297
160	C	2	0.02197802197802198
160	G	1	0.01098901098901099
161	A	2	0.02197802197802198
161	C	2	0.02197802197802198
161	G	3	0.03296703296703297
162	A	4	0.04395604395604396
162	T	1	0.01098901098901099
163	A	2	0.02197802197802198
163	C	2	0.02197802197802198
163	T	5	0.054945054945054944
164	C	7	0.07692307692307693
164	G	5	0.054945054945054944
164	T	1	0.01098901098901099
165	C	2	0.02197802197802198
165	G	5	0.054945054945054944
165	T	3	0.03296703296703297
166	A	17	0.18681318681318682
166	C	15	0.16483516483516483
166	T	5	0.054945054945054944
167	A	9	0.0989010989010989
167	C	14	0.15384615384615385
167	G	7	0.07692307692307693
168	C	10	0.10989010989010989
168	G	20	0.21978021978021978
168	T	3	0.03296703296703297
169	C	7	0.07692307692307693
169	G	4	0.04395604395604396
169	T	7	0.07692307692307693
170	A	7	0.07692307692307693
170	C	10	0.10989010989010989
170	G	9	0.0989010989010989
171	C	10	0.10989010989010989
171	G	12	0.13186813186813187
172	C	8	0.08791208791208792
172	G	3	0.03296703296703297
172	T	5	0.054945054945054944
173	C	3	0.03296703296703297
173	G	14	0.15384615384615385
173	T	2	0.02197802197802198
174	A	7	0.07692307692307693
174	C	12	0.13186813186813187
174	G	7	0.07692307692307693
175	C	5	0.054945054945054944
175	G	1	0.01098901098901099
175	T	13	0.14285714285714285
176	A	2	0.02197802197802198
176	G	1	0.01098901098901099
176	T	20	0.21978021978021978
177	A	1	0.01098901098901099
177	G	1	0.01098901098901099
178	C	1	0.01098901098901099
178	G	2	0.02197802197802198
178	T	1	0.01098901098901099
179	A	1	0.01098901098901099
179	C	2	0.02197802197802198
179	G	1	0.01098901098901099
179	T	4	0.04395604395604396
180	A	9	0.0989010989010989
180	C	2	0.02197802197802198
180	T	1	0.01098901098901099
181	A	1	0.01098901098901099
181	G	6	0.06593406593406594
181	T	7	0.07692307692307693
182	C	4	0.04395604395604396
182	G	7	0.07692307692307693
182	T	1	0.01098901098901099
183	A	1	0.01098901098901099
184	C	3	0.03296703296703297
184	G	4	0.04395604395604396
185	G	3	0.03296703296703297
185	T	6	0.06593406593406594
186	C	2	0.02197802197802198
187	A	1	0.01098901098901099
187	T	1	0.01098901098901099
188	A	1	0.01098901098901099
188	T	3	0.03296703296703297
189	C	1	0.01098901098901099
190	C	1	0.01098901098901099
190	G	1	0.01098901098901099
191	T	1	0.01098901098901099
192	C	2	0.02197802197802198
192	G	3	0.03296703296703297
193	C	2	0.02197802197802198
193	G	12	0.13186813186813187
194	C	2	0.02197802197802198
194	T	1	0.01098901098901099
195	A	1	0.01098901098901099
195	T	2	0.02197802197802198
196	A	3	0.03296703296703297
197	G	3	0.03296703296703297
197	T	5	0.054945054945054944
198	A	1	0.01098901098901099
199	T	1	0.01098901098901099
200	C	4	0.04395604395604396
200	G	3	0.03296703296703297
200	T	2	0.02197802197802198
201	A	4	0.04395604395604396
201	C	2	0.02197802197802198
202	G	1	0.01098901098901099
204	C	1	0.01098901098901099
204	G	1	0.01098901098901099
204	T	3	0.03296703296703297
205	A	2	0.02197802197802198
205	G	4	0.04395604395604396
205	T	2	0.02197802197802198
206	A	1	0.01098901098901099
206	T	1	0.01098901098901099
207	G	6	0.06593406593406594
208	A	1	0.01098901098901099
208	C	1	0.01098901098901099
209	T	4	0.04395604395604396
210	C	1	0.01098901098901099
210	G	1	0.01098901098901099
212	A	1	0.01098901098901099
215	C	4	0.04395604395604396
215	G	5	0.054945054945054944
217	G	1	0.01098901098901099
218	A	1	0.01098901098901099
218	T	1	0.01098901098901099
219	C	1	0.01098901098901099
219	G	3	0.03296703296703297
220	C	4	0.04395604395604396
220	G	4	0.04395604395604396
220	T	4	0.04395604395604396
221	A	3	0.03296703296703297
221	C	9	0.0989010989010989
221	G	2	0.02197802197802198
222	A	1	0.01098901098901099
222	C	2	0.02197802197802198
222	G	5	0.054945054945054944
223	A	1	0.01098901098901099
223	G	1	0.01098901098901099
223	T	2	0.02197802197802198
224	A	3	0.03296703296703297
224	G	3	0.03296703296703297
224	T	3	0.03296703296703297
225	C	4	0.04395604395604396
226	C	1	0.01098901098901099
226	G	3	0.03296703296703297
227	C	2	0.02197802197802198
228	C	1	0.01098901098901099
228	G	5	0.054945054945054944
229	C	1	0.01098901098901099
229	G	5	0.054945054945054944
230	A	2	0.02197802197802198
230	G	2	0.02197802197802198
230	T	1	0.01098901098901099
231	T	1	0.01098901098901099
232	A	2	0.02197802197802198
232	T	5	0.054945054945054944
233	A	17	0.18681318681318682
233	C	14	0.15384615384615385
233	T	14	0.15384615384615385
234	A	1	0.01098901098901099
234	G	7	0.07692307692307693
234	T	8	0.08791208791208792
235	A	1	0.01098901098901099
235	G	3	0.03296703296703297
236	A	6	0.06593406593406594
236	C	9	0.0989010989010989
236	T	6	0.06593406593406594
237	A	2	0.02197802197802198
237	C	1	0.01098901098901099
237	G	4	0.04395604395604396
238	C	8	0.08791208791208792
238	T	8	0.08791208791208792
239	A	1	0.01098901098901099
239	C	3	0.03296703296703297
240	A	1	0.01098901098901099
240	G	8	0.08791208791208792
240	T	6	0.06593406593406594
241	A	1	0.01098901098901099
241	C	1	0.01098901098901099
241	G	3	0.03296703296703297
242	A	8	0.08791208791208792
242	C	3	0.03296703296703297
242	T	2	0.02197802197802198
243	A	2	0.02197802197802198
243	G	6	0.06593406593406594
245	C	3	0.03296703296703297
245	G	4	0.04395604395604396
245	T	2	0.02197802197802198
246	C	4	0.04395604395604396
246	G	3	0.03296703296703297
247	G	2	0.02197802197802198
248	A	2	0.02197802197802198
248	C	2	0.02197802197802198
248	T	2	0.02197802197802198
249	C	2	0.02197802197802198
249	G	8	0.08791208791208792
249	T	4	0.04395604395604396
250	C	3	0.03296703296703297
250	G	6	0.06593406593406594
251	A	1	0.01098901098901099
251	G	2	0.02197802197802198
251	T	6	0.06593406593406594
252	C	1	0.01098901098901099
252	G	1	0.01098901098901099
253	A	5	0.054945054945054944
254	A	1	0.01098901098901099
254	T	9	0.0989010989010989
255	A	1	0.01098901098901099
255	T	1	0.01098901098901099
256	A	1	0.01098901098901099
256	C	1	0.01098901098901099
257	A	2	0.02197802197802198
257	C	1	0.01098901098901099
258	C	1	0.01098901098901099
258	G	1	0.01098901098901099
259	A	1	0.01098901098901099
259	C	5	0.054945054945054944
259	T	1	0.01098901098901099
260	C	1	0.01098901098901099
260	G	1	0.01098901098901099
260	T	1	0.01098901098901099
261	A	8	0.08791208791208792
261	C	24	0.26373626373626374
262	A	8	0.08791208791208792
262	G	8	0.08791208791208792
262	T	14	0.15384615384615385
263	A	3	0.03296703296703297
263	C	8	0.08791208791208792
263	G	2	0.02197802197802198
264	C	1	0.01098901098901099
265	C	2	0.02197802197802198
266	A	11	0.12087912087912088
266	C	12	0.13186813186813187
266	T	2	0.02197802197802198
267	C	1	0.01098901098901099
268	C	1	0.01098901098901099
269	T	3	0.03296703296703297
270	T	4	0.04395604395604396
272	A	1	0.01098901098901099
272	T	1	0.01098901098901099
273	A	2	0.02197802197802198
274	A	1	0.01098901098901099
274	G	1	0.01098901098901099
274	T	2	0.02197802197802198
275	A	1	0.01098901098901099
275	C	6	0.06593406593406594
275	G	3	0.03296703296703297
276	A	6	0.06593406593406594
276	C	3	0.03296703296703297
276	T	3	0.03296703296703297
277	C	1	0.01098901098901099
277	G	4	0.04395604395604396
278	A	15	0.16483516483516483
278	C	19	0.2087912087912088
278	T	13	0.14285714285714285
279	A	1	0.01098901098901099
279	C	1	0.01098901098901099
280	T	6	0.06593406593406594
281	A	1	0.01098901098901099
281	C	4	0.04395604395604396
281	G	2	0.02197802197802198
282	C	7	0.07692307692307693
283	T	6	0.06593406593406594
284	A	1	0.01098901098901099
284	T	8	0.08791208791208792
287	A	1	0.01098901098901099
287	C	9	0.0989010989010989
288	A	5	0.054945054945054944
288	C	2	0.02197802197802198
288	T	2	0.02197802197802198
289	A	2	0.02197802197802198
289	G	3	0.03296703296703297
289	T	10	0.10989010989010989
290	A	1	0.01098901098901099
290	T	1	0.01098901098901099
