Position	Nucleotide	Multiplicity	Frequency
45	G	5	0.22727272727272727
65	A	1	0.045454545454545456
67	A	1	0.045454545454545456
69	A	1	0.045454545454545456
70	T	1	0.045454545454545456
72	C	1	0.045454545454545456
74	C	1	0.045454545454545456
77	G	3	0.13636363636363635
78	A	3	0.13636363636363635
78	C	1	0.045454545454545456
81	C	1	0.045454545454545456
81	T	1	0.045454545454545456
82	A	1	0.045454545454545456
82	T	1	0.045454545454545456
83	G	2	0.09090909090909091
83	T	1	0.045454545454545456
88	A	2	0.09090909090909091
88	C	1	0.045454545454545456
89	A	1	0.045454545454545456
90	C	2	0.09090909090909091
90	G	3	0.13636363636363635
91	A	5	0.22727272727272727
91	C	4	0.18181818181818182
91	T	1	0.045454545454545456
92	A	2	0.09090909090909091
92	G	2	0.09090909090909091
92	T	3	0.13636363636363635
93	C	2	0.09090909090909091
93	G	1	0.045454545454545456
94	T	1	0.045454545454545456
96	A	3	0.13636363636363635
96	C	1	0.045454545454545456
97	A	3	0.13636363636363635
97	T	3	0.13636363636363635
98	A	1	0.045454545454545456
98	C	2	0.09090909090909091
99	C	1	0.045454545454545456
99	G	2	0.09090909090909091
100	C	1	0.045454545454545456
101	A	3	0.13636363636363635
101	C	1	0.045454545454545456
102	A	1	0.045454545454545456
102	T	1	0.045454545454545456
103	C	2	0.09090909090909091
104	T	1	0.045454545454545456
105	C	1	0.045454545454545456
106	C	1	0.045454545454545456
108	C	1	0.045454545454545456
116	A	1	0.045454545454545456
117	A	1	0.045454545454545456
117	C	2	0.09090909090909091
118	G	1	0.045454545454545456
119	G	1	0.045454545454545456
122	C	1	0.045454545454545456
122	G	1	0.045454545454545456
124	A	1	0.045454545454545456
127	C	1	0.045454545454545456
130	A	1	0.045454545454545456
133	C	1	0.045454545454545456
142	G	1	0.045454545454545456
143	A	1	0.045454545454545456
144	A	2	0.09090909090909091
146	T	1	0.045454545454545456
147	A	1	0.045454545454545456
147	C	3	0.13636363636363635
148	C	2	0.09090909090909091
149	C	3	0.13636363636363635
149	G	2	0.09090909090909091
150	G	1	0.045454545454545456
151	A	1	0.045454545454545456
151	C	3	0.13636363636363635
152	C	2	0.09090909090909091
152	G	2	0.09090909090909091
152	T	2	0.09090909090909091
154	T	1	0.045454545454545456
155	C	1	0.045454545454545456
155	G	2	0.09090909090909091
155	T	1	0.045454545454545456
156	A	5	0.22727272727272727
156	G	1	0.045454545454545456
157	C	3	0.13636363636363635
157	G	1	0.045454545454545456
158	A	1	0.045454545454545456
158	G	2	0.09090909090909091
160	G	1	0.045454545454545456
162	A	1	0.045454545454545456
163	A	1	0.045454545454545456
165	C	1	0.045454545454545456
165	T	1	0.045454545454545456
166	A	1	0.045454545454545456
166	C	2	0.09090909090909091
168	T	2	0.09090909090909091
169	C	1	0.045454545454545456
169	G	1	0.045454545454545456
169	T	1	0.045454545454545456
170	A	2	0.09090909090909091
171	C	1	0.045454545454545456
171	G	1	0.045454545454545456
173	G	1	0.045454545454545456
174	A	3	0.13636363636363635
174	C	2	0.09090909090909091
174	G	1	0.045454545454545456
175	C	3	0.13636363636363635
175	G	1	0.045454545454545456
175	T	2	0.09090909090909091
176	G	1	0.045454545454545456
176	T	1	0.045454545454545456
177	G	1	0.045454545454545456
179	A	1	0.045454545454545456
179	T	3	0.13636363636363635
181	G	1	0.045454545454545456
181	T	2	0.09090909090909091
184	C	1	0.045454545454545456
184	G	1	0.045454545454545456
185	G	2	0.09090909090909091
188	T	1	0.045454545454545456
192	C	1	0.045454545454545456
193	G	3	0.13636363636363635
196	T	1	0.045454545454545456
204	G	1	0.045454545454545456
205	A	1	0.045454545454545456
207	C	2	0.09090909090909091
209	G	1	0.045454545454545456
209	T	2	0.09090909090909091
210	C	1	0.045454545454545456
212	A	1	0.045454545454545456
213	G	2	0.09090909090909091
214	A	2	0.09090909090909091
215	G	2	0.09090909090909091
219	T	1	0.045454545454545456
220	T	2	0.09090909090909091
221	A	1	0.045454545454545456
223	A	1	0.045454545454545456
226	G	1	0.045454545454545456
229	C	1	0.045454545454545456
229	G	2	0.09090909090909091
231	C	1	0.045454545454545456
232	T	1	0.045454545454545456
233	A	2	0.09090909090909091
233	C	4	0.18181818181818182
233	T	1	0.045454545454545456
234	G	4	0.18181818181818182
234	T	2	0.09090909090909091
235	A	1	0.045454545454545456
238	C	2	0.09090909090909091
238	T	4	0.18181818181818182
239	A	1	0.045454545454545456
240	G	1	0.045454545454545456
242	C	1	0.045454545454545456
243	G	1	0.045454545454545456
246	G	1	0.045454545454545456
249	G	2	0.09090909090909091
251	G	1	0.045454545454545456
251	T	1	0.045454545454545456
253	C	1	0.045454545454545456
254	T	1	0.045454545454545456
257	T	1	0.045454545454545456
258	G	1	0.045454545454545456
261	A	2	0.09090909090909091
261	C	4	0.18181818181818182
262	G	2	0.09090909090909091
262	T	2	0.09090909090909091
263	C	1	0.045454545454545456
263	G	1	0.045454545454545456
264	C	1	0.045454545454545456
266	A	2	0.09090909090909091
266	C	1	0.045454545454545456
269	T	1	0.045454545454545456
271	T	1	0.045454545454545456
272	T	1	0.045454545454545456
274	G	1	0.045454545454545456
275	C	1	0.045454545454545456
275	G	1	0.045454545454545456
276	T	1	0.045454545454545456
278	A	2	0.09090909090909091
278	C	2	0.09090909090909091
278	T	3	0.13636363636363635
280	T	2	0.09090909090909091
283	T	1	0.045454545454545456
284	G	1	0.045454545454545456
287	C	1	0.045454545454545456
288	T	1	0.045454545454545456
289	G	2	0.09090909090909091
289	T	1	0.045454545454545456
290	T	1	0.045454545454545456
