Position	Nucleotide	Multiplicity	Frequency
68	T	1	0.01818181818181818
69	A	3	0.05454545454545454
71	C	6	0.10909090909090909
72	A	1	0.01818181818181818
72	C	1	0.01818181818181818
72	G	1	0.01818181818181818
73	T	1	0.01818181818181818
74	C	2	0.03636363636363636
76	A	1	0.01818181818181818
77	A	1	0.01818181818181818
77	C	3	0.05454545454545454
77	G	1	0.01818181818181818
78	C	1	0.01818181818181818
78	G	1	0.01818181818181818
79	T	3	0.05454545454545454
80	T	1	0.01818181818181818
81	C	4	0.07272727272727272
81	G	1	0.01818181818181818
82	A	2	0.03636363636363636
82	G	6	0.10909090909090909
82	T	3	0.05454545454545454
83	A	3	0.05454545454545454
83	G	1	0.01818181818181818
83	T	8	0.14545454545454545
86	A	5	0.09090909090909091
86	C	4	0.07272727272727272
87	C	3	0.05454545454545454
87	G	1	0.01818181818181818
87	T	1	0.01818181818181818
88	A	2	0.03636363636363636
88	G	6	0.10909090909090909
88	T	2	0.03636363636363636
89	A	1	0.01818181818181818
89	T	3	0.05454545454545454
90	C	1	0.01818181818181818
90	G	2	0.03636363636363636
90	T	1	0.01818181818181818
91	A	19	0.34545454545454546
91	C	9	0.16363636363636364
92	T	14	0.2545454545454545
93	A	6	0.10909090909090909
93	C	4	0.07272727272727272
93	G	2	0.03636363636363636
94	C	1	0.01818181818181818
94	T	1	0.01818181818181818
95	A	1	0.01818181818181818
95	C	14	0.2545454545454545
96	T	1	0.01818181818181818
97	A	3	0.05454545454545454
97	C	1	0.01818181818181818
97	T	1	0.01818181818181818
98	A	2	0.03636363636363636
98	C	1	0.01818181818181818
98	G	2	0.03636363636363636
99	C	4	0.07272727272727272
99	G	7	0.12727272727272726
99	T	4	0.07272727272727272
101	A	3	0.05454545454545454
101	G	5	0.09090909090909091
101	T	2	0.03636363636363636
102	C	1	0.01818181818181818
102	G	5	0.09090909090909091
103	A	2	0.03636363636363636
103	C	9	0.16363636363636364
103	T	1	0.01818181818181818
104	G	2	0.03636363636363636
104	T	10	0.18181818181818182
107	C	1	0.01818181818181818
108	C	1	0.01818181818181818
109	C	9	0.16363636363636364
110	T	3	0.05454545454545454
111	A	1	0.01818181818181818
113	T	6	0.10909090909090909
115	G	1	0.01818181818181818
119	A	1	0.01818181818181818
120	A	1	0.01818181818181818
122	A	1	0.01818181818181818
125	C	2	0.03636363636363636
125	G	1	0.01818181818181818
127	G	1	0.01818181818181818
127	T	2	0.03636363636363636
128	C	1	0.01818181818181818
128	G	1	0.01818181818181818
130	A	1	0.01818181818181818
131	A	6	0.10909090909090909
131	C	5	0.09090909090909091
131	T	2	0.03636363636363636
133	C	3	0.05454545454545454
133	G	1	0.01818181818181818
134	A	1	0.01818181818181818
135	A	1	0.01818181818181818
138	C	1	0.01818181818181818
138	G	1	0.01818181818181818
139	C	1	0.01818181818181818
140	A	1	0.01818181818181818
140	C	2	0.03636363636363636
141	C	1	0.01818181818181818
141	G	4	0.07272727272727272
143	A	1	0.01818181818181818
145	C	1	0.01818181818181818
146	C	2	0.03636363636363636
146	G	2	0.03636363636363636
146	T	1	0.01818181818181818
147	A	1	0.01818181818181818
148	T	2	0.03636363636363636
150	C	1	0.01818181818181818
150	G	2	0.03636363636363636
151	G	1	0.01818181818181818
152	T	3	0.05454545454545454
153	G	5	0.09090909090909091
154	A	14	0.2545454545454545
155	G	2	0.03636363636363636
155	T	6	0.10909090909090909
156	A	9	0.16363636363636364
156	C	6	0.10909090909090909
156	T	1	0.01818181818181818
157	A	3	0.05454545454545454
157	G	10	0.18181818181818182
157	T	5	0.09090909090909091
158	A	1	0.01818181818181818
158	C	4	0.07272727272727272
158	G	1	0.01818181818181818
159	A	2	0.03636363636363636
159	C	3	0.05454545454545454
159	G	1	0.01818181818181818
160	C	1	0.01818181818181818
160	G	1	0.01818181818181818
160	T	2	0.03636363636363636
161	G	1	0.01818181818181818
161	T	14	0.2545454545454545
162	C	1	0.01818181818181818
162	G	2	0.03636363636363636
163	G	1	0.01818181818181818
163	T	1	0.01818181818181818
164	A	5	0.09090909090909091
164	C	1	0.01818181818181818
165	A	1	0.01818181818181818
166	C	1	0.01818181818181818
166	T	1	0.01818181818181818
167	A	3	0.05454545454545454
167	C	4	0.07272727272727272
167	G	2	0.03636363636363636
168	C	1	0.01818181818181818
168	G	7	0.12727272727272726
168	T	4	0.07272727272727272
169	C	1	0.01818181818181818
169	G	1	0.01818181818181818
169	T	2	0.03636363636363636
170	G	2	0.03636363636363636
170	T	3	0.05454545454545454
171	G	1	0.01818181818181818
172	G	3	0.05454545454545454
172	T	2	0.03636363636363636
173	G	1	0.01818181818181818
174	C	3	0.05454545454545454
174	G	2	0.03636363636363636
174	T	7	0.12727272727272726
175	C	3	0.05454545454545454
175	G	1	0.01818181818181818
175	T	1	0.01818181818181818
176	G	9	0.16363636363636364
176	T	11	0.2
177	A	3	0.05454545454545454
177	G	1	0.01818181818181818
178	C	8	0.14545454545454545
178	T	5	0.09090909090909091
179	C	3	0.05454545454545454
180	A	1	0.01818181818181818
180	T	3	0.05454545454545454
181	A	2	0.03636363636363636
181	G	6	0.10909090909090909
181	T	3	0.05454545454545454
182	C	1	0.01818181818181818
182	G	4	0.07272727272727272
183	A	1	0.01818181818181818
183	G	5	0.09090909090909091
186	C	1	0.01818181818181818
187	G	5	0.09090909090909091
188	A	7	0.12727272727272726
188	C	4	0.07272727272727272
188	T	2	0.03636363636363636
189	G	4	0.07272727272727272
189	T	28	0.509090909090909
190	A	2	0.03636363636363636
190	C	2	0.03636363636363636
190	G	1	0.01818181818181818
191	T	2	0.03636363636363636
192	A	1	0.01818181818181818
194	A	1	0.01818181818181818
195	A	1	0.01818181818181818
196	A	4	0.07272727272727272
196	C	1	0.01818181818181818
198	C	2	0.03636363636363636
199	A	1	0.01818181818181818
200	C	1	0.01818181818181818
200	G	2	0.03636363636363636
201	A	6	0.10909090909090909
201	C	2	0.03636363636363636
202	C	1	0.01818181818181818
203	A	1	0.01818181818181818
204	G	5	0.09090909090909091
204	T	2	0.03636363636363636
205	G	3	0.05454545454545454
205	T	2	0.03636363636363636
207	C	4	0.07272727272727272
207	G	3	0.05454545454545454
207	T	1	0.01818181818181818
212	A	1	0.01818181818181818
212	T	1	0.01818181818181818
213	G	1	0.01818181818181818
214	G	1	0.01818181818181818
214	T	3	0.05454545454545454
215	C	1	0.01818181818181818
215	T	2	0.03636363636363636
217	C	1	0.01818181818181818
218	A	1	0.01818181818181818
218	T	2	0.03636363636363636
219	G	2	0.03636363636363636
219	T	2	0.03636363636363636
220	T	1	0.01818181818181818
221	C	3	0.05454545454545454
221	G	3	0.05454545454545454
222	C	2	0.03636363636363636
222	G	1	0.01818181818181818
223	T	4	0.07272727272727272
224	A	2	0.03636363636363636
224	T	4	0.07272727272727272
226	T	3	0.05454545454545454
227	A	1	0.01818181818181818
228	C	1	0.01818181818181818
228	G	6	0.10909090909090909
228	T	6	0.10909090909090909
229	A	8	0.14545454545454545
229	C	13	0.23636363636363636
230	A	1	0.01818181818181818
230	G	3	0.05454545454545454
230	T	3	0.05454545454545454
232	T	1	0.01818181818181818
233	G	2	0.03636363636363636
233	T	1	0.01818181818181818
234	A	1	0.01818181818181818
234	T	2	0.03636363636363636
235	G	1	0.01818181818181818
235	T	10	0.18181818181818182
236	A	1	0.01818181818181818
236	G	5	0.09090909090909091
236	T	1	0.01818181818181818
237	A	1	0.01818181818181818
237	C	1	0.01818181818181818
238	C	1	0.01818181818181818
238	G	1	0.01818181818181818
239	T	8	0.14545454545454545
240	C	3	0.05454545454545454
240	T	1	0.01818181818181818
242	T	1	0.01818181818181818
243	T	1	0.01818181818181818
244	C	1	0.01818181818181818
244	G	1	0.01818181818181818
245	A	13	0.23636363636363636
245	C	9	0.16363636363636364
245	T	1	0.01818181818181818
246	G	3	0.05454545454545454
246	T	5	0.09090909090909091
247	C	1	0.01818181818181818
249	C	1	0.01818181818181818
250	A	1	0.01818181818181818
250	T	1	0.01818181818181818
251	C	2	0.03636363636363636
252	G	4	0.07272727272727272
253	A	2	0.03636363636363636
254	A	1	0.01818181818181818
254	G	3	0.05454545454545454
254	T	2	0.03636363636363636
255	A	1	0.01818181818181818
255	T	3	0.05454545454545454
257	A	1	0.01818181818181818
257	C	3	0.05454545454545454
258	C	1	0.01818181818181818
259	A	1	0.01818181818181818
259	C	9	0.16363636363636364
260	C	2	0.03636363636363636
260	T	1	0.01818181818181818
261	C	2	0.03636363636363636
261	G	1	0.01818181818181818
262	T	2	0.03636363636363636
263	A	1	0.01818181818181818
263	C	2	0.03636363636363636
266	G	1	0.01818181818181818
270	C	1	0.01818181818181818
270	G	3	0.05454545454545454
270	T	1	0.01818181818181818
274	G	3	0.05454545454545454
274	T	1	0.01818181818181818
276	A	5	0.09090909090909091
276	C	1	0.01818181818181818
277	C	1	0.01818181818181818
278	A	6	0.10909090909090909
278	C	10	0.18181818181818182
278	T	3	0.05454545454545454
279	C	1	0.01818181818181818
281	C	2	0.03636363636363636
283	T	5	0.09090909090909091
284	T	11	0.2
285	G	1	0.01818181818181818
287	C	4	0.07272727272727272
288	C	1	0.01818181818181818
289	G	3	0.05454545454545454
289	T	1	0.01818181818181818
