Position	Nucleotide	Multiplicity	Frequency
65	T	1	0.041666666666666664
66	A	2	0.08333333333333333
66	C	1	0.041666666666666664
67	G	2	0.08333333333333333
69	A	1	0.041666666666666664
71	A	1	0.041666666666666664
71	G	6	0.25
72	C	1	0.041666666666666664
72	G	1	0.041666666666666664
73	C	2	0.08333333333333333
74	G	1	0.041666666666666664
76	C	1	0.041666666666666664
76	T	1	0.041666666666666664
79	A	2	0.08333333333333333
80	A	1	0.041666666666666664
80	C	2	0.08333333333333333
82	T	1	0.041666666666666664
83	A	3	0.125
83	G	1	0.041666666666666664
83	T	1	0.041666666666666664
84	A	1	0.041666666666666664
84	C	2	0.08333333333333333
86	A	1	0.041666666666666664
87	C	1	0.041666666666666664
87	G	6	0.25
88	A	10	0.4166666666666667
88	C	1	0.041666666666666664
90	A	2	0.08333333333333333
90	C	7	0.2916666666666667
91	A	5	0.20833333333333334
91	C	7	0.2916666666666667
93	A	2	0.08333333333333333
93	G	1	0.041666666666666664
94	C	7	0.2916666666666667
95	T	6	0.25
96	C	2	0.08333333333333333
96	G	1	0.041666666666666664
97	C	1	0.041666666666666664
97	T	3	0.125
98	A	1	0.041666666666666664
98	T	3	0.125
100	T	1	0.041666666666666664
101	C	1	0.041666666666666664
102	C	3	0.125
102	G	1	0.041666666666666664
103	A	1	0.041666666666666664
103	C	5	0.20833333333333334
103	T	1	0.041666666666666664
104	G	1	0.041666666666666664
104	T	9	0.375
105	C	3	0.125
107	T	1	0.041666666666666664
110	A	1	0.041666666666666664
110	T	9	0.375
113	G	1	0.041666666666666664
113	T	2	0.08333333333333333
115	G	2	0.08333333333333333
116	A	7	0.2916666666666667
117	A	1	0.041666666666666664
117	G	1	0.041666666666666664
117	T	4	0.16666666666666666
119	T	1	0.041666666666666664
120	G	2	0.08333333333333333
121	A	1	0.041666666666666664
121	T	1	0.041666666666666664
122	C	4	0.16666666666666666
124	A	3	0.125
125	A	2	0.08333333333333333
125	C	1	0.041666666666666664
126	C	1	0.041666666666666664
127	G	1	0.041666666666666664
131	A	1	0.041666666666666664
131	C	2	0.08333333333333333
131	T	1	0.041666666666666664
132	T	6	0.25
133	C	1	0.041666666666666664
134	T	1	0.041666666666666664
137	A	3	0.125
138	G	1	0.041666666666666664
139	T	1	0.041666666666666664
141	C	1	0.041666666666666664
141	G	1	0.041666666666666664
143	C	1	0.041666666666666664
143	G	1	0.041666666666666664
146	A	5	0.20833333333333334
146	C	1	0.041666666666666664
147	C	2	0.08333333333333333
148	G	2	0.08333333333333333
149	G	6	0.25
149	T	2	0.08333333333333333
150	G	1	0.041666666666666664
152	A	1	0.041666666666666664
152	G	1	0.041666666666666664
152	T	1	0.041666666666666664
153	C	2	0.08333333333333333
153	G	4	0.16666666666666666
154	C	1	0.041666666666666664
154	G	1	0.041666666666666664
155	C	1	0.041666666666666664
156	G	5	0.20833333333333334
156	T	2	0.08333333333333333
157	C	3	0.125
157	G	2	0.08333333333333333
157	T	1	0.041666666666666664
158	C	7	0.2916666666666667
159	G	6	0.25
159	T	1	0.041666666666666664
160	C	2	0.08333333333333333
160	T	2	0.08333333333333333
161	A	1	0.041666666666666664
161	C	1	0.041666666666666664
161	G	1	0.041666666666666664
162	T	1	0.041666666666666664
163	C	2	0.08333333333333333
164	C	6	0.25
164	G	3	0.125
165	C	1	0.041666666666666664
165	G	1	0.041666666666666664
166	A	1	0.041666666666666664
166	C	8	0.3333333333333333
166	T	1	0.041666666666666664
167	A	2	0.08333333333333333
167	G	2	0.08333333333333333
167	T	1	0.041666666666666664
168	T	2	0.08333333333333333
169	T	1	0.041666666666666664
170	A	3	0.125
171	C	1	0.041666666666666664
172	C	9	0.375
172	G	1	0.041666666666666664
173	T	2	0.08333333333333333
174	T	6	0.25
175	C	1	0.041666666666666664
175	G	1	0.041666666666666664
176	T	1	0.041666666666666664
177	G	1	0.041666666666666664
178	C	2	0.08333333333333333
178	G	7	0.2916666666666667
178	T	1	0.041666666666666664
179	T	9	0.375
180	A	1	0.041666666666666664
182	C	1	0.041666666666666664
185	A	1	0.041666666666666664
185	T	7	0.2916666666666667
188	G	1	0.041666666666666664
189	C	2	0.08333333333333333
189	G	2	0.08333333333333333
190	G	9	0.375
190	T	1	0.041666666666666664
192	C	1	0.041666666666666664
192	G	1	0.041666666666666664
193	C	1	0.041666666666666664
197	G	2	0.08333333333333333
198	A	2	0.08333333333333333
198	C	1	0.041666666666666664
199	T	1	0.041666666666666664
200	A	1	0.041666666666666664
202	G	1	0.041666666666666664
203	T	1	0.041666666666666664
204	C	2	0.08333333333333333
204	G	1	0.041666666666666664
204	T	1	0.041666666666666664
206	C	2	0.08333333333333333
206	G	6	0.25
206	T	7	0.2916666666666667
207	A	1	0.041666666666666664
207	G	1	0.041666666666666664
208	T	1	0.041666666666666664
209	G	1	0.041666666666666664
210	A	3	0.125
210	C	6	0.25
211	C	1	0.041666666666666664
211	G	1	0.041666666666666664
212	G	2	0.08333333333333333
212	T	7	0.2916666666666667
216	C	1	0.041666666666666664
219	C	1	0.041666666666666664
219	G	1	0.041666666666666664
221	C	1	0.041666666666666664
222	C	2	0.08333333333333333
223	G	1	0.041666666666666664
224	C	1	0.041666666666666664
225	C	1	0.041666666666666664
226	C	2	0.08333333333333333
226	G	1	0.041666666666666664
227	G	2	0.08333333333333333
227	T	11	0.4583333333333333
228	G	7	0.2916666666666667
228	T	2	0.08333333333333333
229	G	2	0.08333333333333333
230	A	9	0.375
230	C	2	0.08333333333333333
231	C	6	0.25
231	G	2	0.08333333333333333
233	G	6	0.25
233	T	2	0.08333333333333333
238	G	1	0.041666666666666664
239	A	1	0.041666666666666664
240	C	1	0.041666666666666664
240	G	6	0.25
241	C	1	0.041666666666666664
241	G	3	0.125
242	A	3	0.125
242	C	2	0.08333333333333333
243	A	3	0.125
243	G	7	0.2916666666666667
243	T	1	0.041666666666666664
245	A	1	0.041666666666666664
247	A	5	0.20833333333333334
247	C	15	0.625
248	G	6	0.25
248	T	5	0.20833333333333334
249	G	1	0.041666666666666664
250	A	2	0.08333333333333333
251	C	1	0.041666666666666664
252	A	1	0.041666666666666664
254	C	1	0.041666666666666664
256	A	1	0.041666666666666664
256	G	1	0.041666666666666664
257	C	1	0.041666666666666664
257	T	1	0.041666666666666664
259	T	1	0.041666666666666664
261	T	1	0.041666666666666664
262	A	1	0.041666666666666664
263	A	1	0.041666666666666664
266	A	2	0.08333333333333333
269	A	1	0.041666666666666664
271	G	1	0.041666666666666664
272	A	2	0.08333333333333333
272	C	1	0.041666666666666664
273	A	7	0.2916666666666667
273	C	1	0.041666666666666664
274	C	1	0.041666666666666664
275	A	2	0.08333333333333333
275	C	6	0.25
275	T	1	0.041666666666666664
278	C	1	0.041666666666666664
280	T	3	0.125
281	T	4	0.16666666666666666
283	T	1	0.041666666666666664
285	A	1	0.041666666666666664
286	G	1	0.041666666666666664
286	T	6	0.25
287	T	6	0.25
