Position	Nucleotide	Multiplicity	Frequency
66	A	1	0.014705882352941176
67	A	4	0.058823529411764705
67	G	1	0.014705882352941176
67	T	4	0.058823529411764705
70	G	12	0.17647058823529413
70	T	8	0.11764705882352941
71	G	1	0.014705882352941176
75	T	1	0.014705882352941176
76	C	1	0.014705882352941176
77	C	2	0.029411764705882353
77	G	1	0.014705882352941176
77	T	1	0.014705882352941176
78	C	2	0.029411764705882353
80	T	3	0.04411764705882353
81	C	4	0.058823529411764705
81	G	1	0.014705882352941176
82	G	1	0.014705882352941176
82	T	12	0.17647058823529413
83	A	1	0.014705882352941176
83	G	4	0.058823529411764705
83	T	1	0.014705882352941176
84	A	16	0.23529411764705882
84	C	2	0.029411764705882353
85	C	1	0.014705882352941176
86	A	1	0.014705882352941176
86	C	8	0.11764705882352941
86	G	3	0.04411764705882353
87	C	1	0.014705882352941176
87	G	2	0.029411764705882353
88	C	2	0.029411764705882353
89	A	2	0.029411764705882353
89	C	1	0.014705882352941176
89	G	1	0.014705882352941176
90	G	17	0.25
90	T	8	0.11764705882352941
91	A	22	0.3235294117647059
91	C	5	0.07352941176470588
91	T	8	0.11764705882352941
92	A	2	0.029411764705882353
92	G	1	0.014705882352941176
92	T	23	0.3382352941176471
93	C	2	0.029411764705882353
93	G	13	0.19117647058823528
94	C	4	0.058823529411764705
94	T	3	0.04411764705882353
95	C	2	0.029411764705882353
95	G	1	0.014705882352941176
97	T	1	0.014705882352941176
98	C	2	0.029411764705882353
99	G	1	0.014705882352941176
101	A	1	0.014705882352941176
102	C	1	0.014705882352941176
102	G	1	0.014705882352941176
103	A	7	0.10294117647058823
103	C	16	0.23529411764705882
103	T	1	0.014705882352941176
104	T	5	0.07352941176470588
105	C	6	0.08823529411764706
106	C	1	0.014705882352941176
107	T	1	0.014705882352941176
108	A	2	0.029411764705882353
108	C	1	0.014705882352941176
109	C	2	0.029411764705882353
113	A	2	0.029411764705882353
113	G	1	0.014705882352941176
114	A	1	0.014705882352941176
115	C	1	0.014705882352941176
116	A	1	0.014705882352941176
117	A	5	0.07352941176470588
118	A	1	0.014705882352941176
118	G	2	0.029411764705882353
118	T	2	0.029411764705882353
119	C	1	0.014705882352941176
120	G	1	0.014705882352941176
124	A	1	0.014705882352941176
125	T	2	0.029411764705882353
126	C	3	0.04411764705882353
127	G	2	0.029411764705882353
128	A	1	0.014705882352941176
131	A	2	0.029411764705882353
131	T	1	0.014705882352941176
133	C	10	0.14705882352941177
135	C	1	0.014705882352941176
137	A	1	0.014705882352941176
137	T	1	0.014705882352941176
138	C	1	0.014705882352941176
138	G	2	0.029411764705882353
141	A	1	0.014705882352941176
144	A	1	0.014705882352941176
145	T	1	0.014705882352941176
147	C	13	0.19117647058823528
148	C	2	0.029411764705882353
148	G	4	0.058823529411764705
149	A	2	0.029411764705882353
149	T	4	0.058823529411764705
150	C	1	0.014705882352941176
150	T	1	0.014705882352941176
151	C	1	0.014705882352941176
152	C	1	0.014705882352941176
152	G	3	0.04411764705882353
153	C	2	0.029411764705882353
153	G	2	0.029411764705882353
154	C	1	0.014705882352941176
154	G	5	0.07352941176470588
155	A	1	0.014705882352941176
155	C	25	0.36764705882352944
155	T	10	0.14705882352941177
156	A	13	0.19117647058823528
156	G	6	0.08823529411764706
156	T	1	0.014705882352941176
157	C	14	0.20588235294117646
157	T	1	0.014705882352941176
158	C	2	0.029411764705882353
158	T	2	0.029411764705882353
159	T	1	0.014705882352941176
160	T	2	0.029411764705882353
161	G	1	0.014705882352941176
163	A	2	0.029411764705882353
163	C	1	0.014705882352941176
163	T	1	0.014705882352941176
164	C	1	0.014705882352941176
164	T	1	0.014705882352941176
165	G	3	0.04411764705882353
165	T	2	0.029411764705882353
166	A	2	0.029411764705882353
166	C	8	0.11764705882352941
167	G	1	0.014705882352941176
168	A	1	0.014705882352941176
168	C	2	0.029411764705882353
168	T	1	0.014705882352941176
169	C	15	0.22058823529411764
169	G	1	0.014705882352941176
169	T	1	0.014705882352941176
170	A	4	0.058823529411764705
170	C	5	0.07352941176470588
171	C	2	0.029411764705882353
171	G	13	0.19117647058823528
172	C	2	0.029411764705882353
172	G	5	0.07352941176470588
172	T	3	0.04411764705882353
173	C	2	0.029411764705882353
173	G	2	0.029411764705882353
173	T	1	0.014705882352941176
174	A	8	0.11764705882352941
174	C	2	0.029411764705882353
174	G	1	0.014705882352941176
175	C	1	0.014705882352941176
175	G	2	0.029411764705882353
175	T	11	0.16176470588235295
176	A	2	0.029411764705882353
176	T	16	0.23529411764705882
178	C	1	0.014705882352941176
178	T	1	0.014705882352941176
179	C	2	0.029411764705882353
180	A	1	0.014705882352941176
180	T	1	0.014705882352941176
182	A	2	0.029411764705882353
183	T	1	0.014705882352941176
184	G	1	0.014705882352941176
185	A	1	0.014705882352941176
185	G	1	0.014705882352941176
185	T	1	0.014705882352941176
186	A	1	0.014705882352941176
188	A	3	0.04411764705882353
189	A	1	0.014705882352941176
189	C	3	0.04411764705882353
190	C	1	0.014705882352941176
190	G	1	0.014705882352941176
191	T	2	0.029411764705882353
192	G	4	0.058823529411764705
193	C	3	0.04411764705882353
193	G	8	0.11764705882352941
195	A	1	0.014705882352941176
198	A	2	0.029411764705882353
200	C	1	0.014705882352941176
200	G	3	0.04411764705882353
201	C	1	0.014705882352941176
201	G	1	0.014705882352941176
205	A	1	0.014705882352941176
205	G	5	0.07352941176470588
206	A	1	0.014705882352941176
206	G	1	0.014705882352941176
206	T	1	0.014705882352941176
207	C	1	0.014705882352941176
207	G	3	0.04411764705882353
207	T	1	0.014705882352941176
208	C	1	0.014705882352941176
209	A	2	0.029411764705882353
209	G	2	0.029411764705882353
209	T	12	0.17647058823529413
210	G	2	0.029411764705882353
211	T	1	0.014705882352941176
212	G	1	0.014705882352941176
215	C	1	0.014705882352941176
215	G	1	0.014705882352941176
216	T	1	0.014705882352941176
219	G	1	0.014705882352941176
220	G	1	0.014705882352941176
221	A	1	0.014705882352941176
222	A	3	0.04411764705882353
223	G	1	0.014705882352941176
223	T	1	0.014705882352941176
224	A	1	0.014705882352941176
225	C	1	0.014705882352941176
225	G	3	0.04411764705882353
227	A	1	0.014705882352941176
227	C	3	0.04411764705882353
228	C	1	0.014705882352941176
228	G	1	0.014705882352941176
229	G	14	0.20588235294117646
230	A	1	0.014705882352941176
230	G	16	0.23529411764705882
230	T	11	0.16176470588235295
231	C	1	0.014705882352941176
231	G	1	0.014705882352941176
232	T	1	0.014705882352941176
233	C	2	0.029411764705882353
233	G	2	0.029411764705882353
233	T	1	0.014705882352941176
234	A	1	0.014705882352941176
234	G	6	0.08823529411764706
234	T	2	0.029411764705882353
236	A	4	0.058823529411764705
236	C	1	0.014705882352941176
237	A	1	0.014705882352941176
238	C	3	0.04411764705882353
238	T	14	0.20588235294117646
239	C	1	0.014705882352941176
240	T	3	0.04411764705882353
242	A	1	0.014705882352941176
242	C	3	0.04411764705882353
242	T	3	0.04411764705882353
243	G	3	0.04411764705882353
245	C	1	0.014705882352941176
245	G	1	0.014705882352941176
245	T	1	0.014705882352941176
246	T	2	0.029411764705882353
248	A	1	0.014705882352941176
248	C	1	0.014705882352941176
250	C	1	0.014705882352941176
250	G	3	0.04411764705882353
251	A	1	0.014705882352941176
251	T	6	0.08823529411764706
252	G	1	0.014705882352941176
253	A	3	0.04411764705882353
253	C	1	0.014705882352941176
254	T	1	0.014705882352941176
255	T	1	0.014705882352941176
257	A	1	0.014705882352941176
258	G	1	0.014705882352941176
260	C	2	0.029411764705882353
260	G	1	0.014705882352941176
261	C	1	0.014705882352941176
262	T	21	0.3088235294117647
263	T	1	0.014705882352941176
266	A	3	0.04411764705882353
266	C	14	0.20588235294117646
271	A	2	0.029411764705882353
272	T	1	0.014705882352941176
275	C	2	0.029411764705882353
276	A	4	0.058823529411764705
276	C	5	0.07352941176470588
276	T	1	0.014705882352941176
277	A	1	0.014705882352941176
278	A	8	0.11764705882352941
278	C	3	0.04411764705882353
278	T	4	0.058823529411764705
282	C	1	0.014705882352941176
283	T	2	0.029411764705882353
284	T	9	0.1323529411764706
287	C	1	0.014705882352941176
287	G	1	0.014705882352941176
288	A	3	0.04411764705882353
288	C	1	0.014705882352941176
289	G	2	0.029411764705882353
289	T	21	0.3088235294117647
290	A	2	0.029411764705882353
290	C	2	0.029411764705882353
290	T	3	0.04411764705882353
