Position	Nucleotide	Multiplicity	Frequency
46	T	1	0.008928571428571428
65	C	1	0.008928571428571428
66	C	1	0.008928571428571428
66	T	1	0.008928571428571428
67	A	11	0.09821428571428571
67	T	11	0.09821428571428571
69	A	4	0.03571428571428571
70	G	3	0.026785714285714284
70	T	4	0.03571428571428571
71	G	2	0.017857142857142856
72	A	1	0.008928571428571428
74	A	2	0.017857142857142856
74	C	1	0.008928571428571428
76	A	11	0.09821428571428571
77	C	4	0.03571428571428571
77	G	2	0.017857142857142856
77	T	1	0.008928571428571428
78	C	6	0.05357142857142857
78	G	1	0.008928571428571428
79	C	9	0.08035714285714286
80	G	1	0.008928571428571428
80	T	1	0.008928571428571428
81	C	1	0.008928571428571428
81	G	1	0.008928571428571428
81	T	1	0.008928571428571428
82	A	11	0.09821428571428571
82	G	4	0.03571428571428571
82	T	5	0.044642857142857144
83	A	6	0.05357142857142857
83	G	3	0.026785714285714284
83	T	6	0.05357142857142857
84	C	2	0.017857142857142856
85	C	2	0.017857142857142856
86	C	2	0.017857142857142856
86	G	1	0.008928571428571428
87	C	1	0.008928571428571428
87	G	9	0.08035714285714286
87	T	2	0.017857142857142856
88	A	7	0.0625
88	C	5	0.044642857142857144
88	T	2	0.017857142857142856
89	A	2	0.017857142857142856
89	G	7	0.0625
89	T	39	0.3482142857142857
90	G	14	0.125
91	A	31	0.2767857142857143
91	C	13	0.11607142857142858
91	T	1	0.008928571428571428
92	A	4	0.03571428571428571
92	T	27	0.24107142857142858
93	A	2	0.017857142857142856
93	C	15	0.13392857142857142
94	C	2	0.017857142857142856
94	T	7	0.0625
95	C	3	0.026785714285714284
95	G	1	0.008928571428571428
96	A	2	0.017857142857142856
96	C	5	0.044642857142857144
96	T	5	0.044642857142857144
97	A	3	0.026785714285714284
97	G	15	0.13392857142857142
97	T	10	0.08928571428571429
98	A	1	0.008928571428571428
99	C	2	0.017857142857142856
99	G	1	0.008928571428571428
99	T	2	0.017857142857142856
101	A	5	0.044642857142857144
102	C	1	0.008928571428571428
102	G	2	0.017857142857142856
102	T	3	0.026785714285714284
103	A	23	0.20535714285714285
103	C	17	0.15178571428571427
103	T	1	0.008928571428571428
104	G	9	0.08035714285714286
104	T	17	0.15178571428571427
105	C	5	0.044642857142857144
106	T	2	0.017857142857142856
107	A	1	0.008928571428571428
108	C	1	0.008928571428571428
109	C	1	0.008928571428571428
110	G	2	0.017857142857142856
110	T	9	0.08035714285714286
112	T	1	0.008928571428571428
113	T	1	0.008928571428571428
114	A	2	0.017857142857142856
115	G	1	0.008928571428571428
116	A	2	0.017857142857142856
117	C	5	0.044642857142857144
117	T	1	0.008928571428571428
118	T	2	0.017857142857142856
119	C	3	0.026785714285714284
119	G	2	0.017857142857142856
120	A	1	0.008928571428571428
122	C	1	0.008928571428571428
122	G	1	0.008928571428571428
122	T	1	0.008928571428571428
123	C	1	0.008928571428571428
125	T	1	0.008928571428571428
126	C	2	0.017857142857142856
127	C	2	0.017857142857142856
127	G	4	0.03571428571428571
127	T	2	0.017857142857142856
130	C	1	0.008928571428571428
130	T	1	0.008928571428571428
131	A	14	0.125
131	C	1	0.008928571428571428
131	T	5	0.044642857142857144
132	T	1	0.008928571428571428
133	C	1	0.008928571428571428
135	C	2	0.017857142857142856
136	G	1	0.008928571428571428
137	A	14	0.125
138	C	1	0.008928571428571428
138	G	1	0.008928571428571428
140	C	1	0.008928571428571428
141	A	2	0.017857142857142856
142	C	1	0.008928571428571428
143	A	1	0.008928571428571428
144	A	2	0.017857142857142856
144	G	4	0.03571428571428571
146	C	11	0.09821428571428571
146	G	1	0.008928571428571428
146	T	1	0.008928571428571428
147	A	34	0.30357142857142855
147	C	1	0.008928571428571428
147	T	28	0.25
148	C	1	0.008928571428571428
148	G	35	0.3125
148	T	9	0.08035714285714286
149	A	5	0.044642857142857144
149	C	10	0.08928571428571429
149	G	7	0.0625
150	C	2	0.017857142857142856
150	G	1	0.008928571428571428
150	T	1	0.008928571428571428
151	A	1	0.008928571428571428
151	C	1	0.008928571428571428
151	G	1	0.008928571428571428
152	A	1	0.008928571428571428
152	C	15	0.13392857142857142
152	G	3	0.026785714285714284
153	A	3	0.026785714285714284
153	C	2	0.017857142857142856
153	G	9	0.08035714285714286
153	T	1	0.008928571428571428
154	A	7	0.0625
154	C	8	0.07142857142857142
154	G	1	0.008928571428571428
154	T	1	0.008928571428571428
155	C	1	0.008928571428571428
155	G	2	0.017857142857142856
156	A	31	0.2767857142857143
156	C	4	0.03571428571428571
156	G	1	0.008928571428571428
157	A	11	0.09821428571428571
157	C	18	0.16071428571428573
157	T	4	0.03571428571428571
158	A	17	0.15178571428571427
158	C	6	0.05357142857142857
158	G	2	0.017857142857142856
158	T	1	0.008928571428571428
159	A	1	0.008928571428571428
159	C	8	0.07142857142857142
159	G	19	0.16964285714285715
159	T	1	0.008928571428571428
160	A	4	0.03571428571428571
160	C	21	0.1875
160	T	2	0.017857142857142856
161	A	6	0.05357142857142857
161	C	4	0.03571428571428571
161	G	1	0.008928571428571428
162	A	3	0.026785714285714284
162	T	1	0.008928571428571428
163	A	10	0.08928571428571429
163	C	11	0.09821428571428571
163	T	4	0.03571428571428571
164	A	6	0.05357142857142857
164	C	6	0.05357142857142857
164	G	2	0.017857142857142856
165	A	7	0.0625
165	C	7	0.0625
165	G	2	0.017857142857142856
165	T	10	0.08928571428571429
166	A	34	0.30357142857142855
166	C	3	0.026785714285714284
166	T	5	0.044642857142857144
167	A	8	0.07142857142857142
167	C	14	0.125
167	G	5	0.044642857142857144
168	C	6	0.05357142857142857
168	G	14	0.125
168	T	5	0.044642857142857144
169	A	28	0.25
169	C	28	0.25
169	T	4	0.03571428571428571
170	A	2	0.017857142857142856
170	G	5	0.044642857142857144
170	T	20	0.17857142857142858
171	C	5	0.044642857142857144
171	G	3	0.026785714285714284
171	T	1	0.008928571428571428
172	G	3	0.026785714285714284
172	T	7	0.0625
173	C	4	0.03571428571428571
173	T	4	0.03571428571428571
174	A	6	0.05357142857142857
174	C	28	0.25
174	G	4	0.03571428571428571
175	C	5	0.044642857142857144
175	T	8	0.07142857142857142
176	A	1	0.008928571428571428
176	G	3	0.026785714285714284
176	T	16	0.14285714285714285
177	A	1	0.008928571428571428
177	C	5	0.044642857142857144
177	G	3	0.026785714285714284
178	C	4	0.03571428571428571
179	G	1	0.008928571428571428
179	T	9	0.08035714285714286
180	A	7	0.0625
180	C	1	0.008928571428571428
180	T	5	0.044642857142857144
181	A	1	0.008928571428571428
181	T	5	0.044642857142857144
182	C	1	0.008928571428571428
182	G	8	0.07142857142857142
182	T	4	0.03571428571428571
183	C	1	0.008928571428571428
183	T	1	0.008928571428571428
184	C	1	0.008928571428571428
184	G	2	0.017857142857142856
185	A	2	0.017857142857142856
185	G	2	0.017857142857142856
185	T	1	0.008928571428571428
186	C	1	0.008928571428571428
188	A	3	0.026785714285714284
188	T	1	0.008928571428571428
189	T	2	0.017857142857142856
190	A	1	0.008928571428571428
190	C	1	0.008928571428571428
191	A	2	0.017857142857142856
191	T	1	0.008928571428571428
192	C	1	0.008928571428571428
192	G	1	0.008928571428571428
193	C	2	0.017857142857142856
193	G	3	0.026785714285714284
195	T	1	0.008928571428571428
196	A	1	0.008928571428571428
197	T	1	0.008928571428571428
199	A	2	0.017857142857142856
200	A	20	0.17857142857142858
200	C	10	0.08928571428571429
200	T	2	0.017857142857142856
201	A	1	0.008928571428571428
201	C	1	0.008928571428571428
204	C	1	0.008928571428571428
204	G	1	0.008928571428571428
205	A	6	0.05357142857142857
205	G	1	0.008928571428571428
205	T	1	0.008928571428571428
206	T	1	0.008928571428571428
207	C	1	0.008928571428571428
207	G	3	0.026785714285714284
207	T	1	0.008928571428571428
208	A	1	0.008928571428571428
208	C	1	0.008928571428571428
209	A	2	0.017857142857142856
209	G	1	0.008928571428571428
209	T	5	0.044642857142857144
210	C	1	0.008928571428571428
210	G	4	0.03571428571428571
212	A	1	0.008928571428571428
212	T	8	0.07142857142857142
213	C	10	0.08928571428571429
213	G	2	0.017857142857142856
214	A	1	0.008928571428571428
215	C	1	0.008928571428571428
217	C	1	0.008928571428571428
218	C	1	0.008928571428571428
218	G	1	0.008928571428571428
218	T	1	0.008928571428571428
219	C	2	0.017857142857142856
219	G	3	0.026785714285714284
219	T	3	0.026785714285714284
220	C	5	0.044642857142857144
220	G	3	0.026785714285714284
220	T	4	0.03571428571428571
221	A	1	0.008928571428571428
221	C	6	0.05357142857142857
222	C	10	0.08928571428571429
222	G	1	0.008928571428571428
224	G	1	0.008928571428571428
224	T	1	0.008928571428571428
225	C	3	0.026785714285714284
225	G	8	0.07142857142857142
226	G	13	0.11607142857142858
227	A	2	0.017857142857142856
227	C	3	0.026785714285714284
228	C	1	0.008928571428571428
228	G	4	0.03571428571428571
229	C	1	0.008928571428571428
229	G	8	0.07142857142857142
230	A	1	0.008928571428571428
230	G	5	0.044642857142857144
230	T	11	0.09821428571428571
231	C	2	0.017857142857142856
231	G	4	0.03571428571428571
231	T	1	0.008928571428571428
232	A	1	0.008928571428571428
232	T	7	0.0625
233	A	26	0.23214285714285715
233	C	9	0.08035714285714286
233	T	9	0.08035714285714286
234	A	2	0.017857142857142856
234	G	14	0.125
234	T	19	0.16964285714285715
235	C	1	0.008928571428571428
236	A	5	0.044642857142857144
236	C	4	0.03571428571428571
236	T	1	0.008928571428571428
237	C	2	0.017857142857142856
237	G	2	0.017857142857142856
238	C	2	0.017857142857142856
238	T	9	0.08035714285714286
239	C	2	0.017857142857142856
240	T	17	0.15178571428571427
242	A	7	0.0625
242	C	3	0.026785714285714284
242	T	1	0.008928571428571428
243	A	4	0.03571428571428571
243	G	1	0.008928571428571428
244	C	1	0.008928571428571428
244	G	3	0.026785714285714284
245	G	7	0.0625
246	C	1	0.008928571428571428
246	G	3	0.026785714285714284
246	T	2	0.017857142857142856
247	A	1	0.008928571428571428
247	G	1	0.008928571428571428
248	A	1	0.008928571428571428
248	C	1	0.008928571428571428
248	T	1	0.008928571428571428
249	C	2	0.017857142857142856
249	G	7	0.0625
249	T	3	0.026785714285714284
250	C	5	0.044642857142857144
250	G	4	0.03571428571428571
251	A	2	0.017857142857142856
251	G	2	0.017857142857142856
251	T	2	0.017857142857142856
252	C	2	0.017857142857142856
252	G	5	0.044642857142857144
253	C	1	0.008928571428571428
254	G	1	0.008928571428571428
254	T	2	0.017857142857142856
255	A	1	0.008928571428571428
255	T	1	0.008928571428571428
257	A	10	0.08928571428571429
257	T	1	0.008928571428571428
258	C	1	0.008928571428571428
258	G	4	0.03571428571428571
259	A	1	0.008928571428571428
259	C	1	0.008928571428571428
260	G	1	0.008928571428571428
262	A	1	0.008928571428571428
262	G	14	0.125
262	T	28	0.25
263	T	2	0.017857142857142856
265	G	2	0.017857142857142856
266	A	25	0.22321428571428573
266	C	7	0.0625
268	C	1	0.008928571428571428
269	T	1	0.008928571428571428
270	G	1	0.008928571428571428
270	T	1	0.008928571428571428
271	T	1	0.008928571428571428
272	A	1	0.008928571428571428
274	A	1	0.008928571428571428
275	T	4	0.03571428571428571
276	A	16	0.14285714285714285
276	C	4	0.03571428571428571
276	T	1	0.008928571428571428
277	C	2	0.017857142857142856
277	G	2	0.017857142857142856
278	C	6	0.05357142857142857
278	G	8	0.07142857142857142
278	T	12	0.10714285714285714
281	C	12	0.10714285714285714
282	C	2	0.017857142857142856
283	T	17	0.15178571428571427
284	T	13	0.11607142857142858
287	C	3	0.026785714285714284
288	A	6	0.05357142857142857
288	T	2	0.017857142857142856
289	G	1	0.008928571428571428
289	T	7	0.0625
290	A	1	0.008928571428571428
290	C	4	0.03571428571428571
290	T	3	0.026785714285714284
