Position	Nucleotide	Multiplicity	Frequency
69	A	4	0.10810810810810811
70	T	1	0.02702702702702703
71	C	2	0.05405405405405406
74	G	1	0.02702702702702703
78	C	1	0.02702702702702703
78	G	1	0.02702702702702703
80	T	2	0.05405405405405406
81	G	3	0.08108108108108109
82	G	5	0.13513513513513514
87	G	4	0.10810810810810811
88	A	1	0.02702702702702703
88	G	4	0.10810810810810811
88	T	1	0.02702702702702703
89	A	1	0.02702702702702703
89	T	4	0.10810810810810811
90	G	1	0.02702702702702703
91	A	5	0.13513513513513514
91	C	11	0.2972972972972973
92	A	3	0.08108108108108109
93	C	2	0.05405405405405406
94	T	1	0.02702702702702703
95	A	1	0.02702702702702703
98	A	1	0.02702702702702703
98	C	3	0.08108108108108109
99	G	1	0.02702702702702703
99	T	1	0.02702702702702703
101	T	3	0.08108108108108109
102	C	4	0.10810810810810811
102	G	5	0.13513513513513514
103	C	1	0.02702702702702703
103	T	2	0.05405405405405406
104	T	5	0.13513513513513514
106	C	1	0.02702702702702703
107	C	1	0.02702702702702703
108	C	1	0.02702702702702703
109	C	10	0.2702702702702703
110	T	1	0.02702702702702703
111	A	1	0.02702702702702703
113	G	1	0.02702702702702703
118	A	2	0.05405405405405406
119	A	1	0.02702702702702703
120	C	7	0.1891891891891892
120	G	1	0.02702702702702703
120	T	1	0.02702702702702703
121	A	3	0.08108108108108109
121	G	1	0.02702702702702703
122	A	1	0.02702702702702703
125	G	1	0.02702702702702703
128	G	1	0.02702702702702703
131	A	1	0.02702702702702703
131	T	2	0.05405405405405406
134	C	1	0.02702702702702703
137	T	1	0.02702702702702703
141	G	3	0.08108108108108109
143	T	1	0.02702702702702703
145	C	3	0.08108108108108109
146	G	7	0.1891891891891892
146	T	1	0.02702702702702703
147	A	1	0.02702702702702703
148	C	2	0.05405405405405406
150	G	2	0.05405405405405406
151	A	1	0.02702702702702703
152	C	3	0.08108108108108109
152	T	1	0.02702702702702703
154	G	5	0.13513513513513514
155	T	2	0.05405405405405406
156	A	2	0.05405405405405406
156	G	1	0.02702702702702703
156	T	1	0.02702702702702703
158	G	2	0.05405405405405406
159	C	1	0.02702702702702703
159	G	3	0.08108108108108109
159	T	1	0.02702702702702703
160	G	2	0.05405405405405406
161	A	7	0.1891891891891892
161	T	4	0.10810810810810811
162	C	1	0.02702702702702703
163	A	6	0.16216216216216217
163	C	2	0.05405405405405406
164	A	2	0.05405405405405406
166	A	1	0.02702702702702703
166	C	1	0.02702702702702703
167	A	5	0.13513513513513514
167	G	4	0.10810810810810811
168	G	1	0.02702702702702703
168	T	1	0.02702702702702703
169	C	1	0.02702702702702703
169	G	3	0.08108108108108109
169	T	1	0.02702702702702703
170	A	6	0.16216216216216217
170	G	2	0.05405405405405406
170	T	1	0.02702702702702703
171	G	3	0.08108108108108109
173	C	1	0.02702702702702703
173	G	2	0.05405405405405406
173	T	5	0.13513513513513514
175	A	4	0.10810810810810811
175	C	1	0.02702702702702703
175	T	3	0.08108108108108109
177	G	1	0.02702702702702703
178	T	3	0.08108108108108109
179	C	3	0.08108108108108109
179	G	1	0.02702702702702703
180	T	1	0.02702702702702703
182	C	1	0.02702702702702703
183	A	2	0.05405405405405406
183	G	2	0.05405405405405406
186	G	1	0.02702702702702703
187	G	3	0.08108108108108109
188	A	3	0.08108108108108109
191	T	2	0.05405405405405406
192	G	2	0.05405405405405406
193	C	2	0.05405405405405406
193	G	1	0.02702702702702703
194	A	1	0.02702702702702703
195	T	1	0.02702702702702703
196	A	1	0.02702702702702703
197	G	2	0.05405405405405406
198	C	1	0.02702702702702703
199	C	1	0.02702702702702703
201	A	1	0.02702702702702703
203	T	1	0.02702702702702703
204	T	1	0.02702702702702703
205	G	2	0.05405405405405406
205	T	3	0.08108108108108109
206	G	1	0.02702702702702703
206	T	1	0.02702702702702703
207	C	4	0.10810810810810811
211	G	2	0.05405405405405406
212	G	1	0.02702702702702703
212	T	4	0.10810810810810811
213	T	5	0.13513513513513514
215	A	4	0.10810810810810811
215	T	1	0.02702702702702703
216	C	1	0.02702702702702703
216	G	10	0.2702702702702703
217	G	1	0.02702702702702703
217	T	1	0.02702702702702703
218	A	1	0.02702702702702703
218	T	1	0.02702702702702703
219	T	2	0.05405405405405406
220	A	6	0.16216216216216217
220	T	2	0.05405405405405406
221	T	1	0.02702702702702703
223	T	1	0.02702702702702703
226	A	1	0.02702702702702703
226	C	2	0.05405405405405406
227	G	2	0.05405405405405406
228	G	1	0.02702702702702703
229	A	11	0.2972972972972973
229	C	3	0.08108108108108109
230	A	2	0.05405405405405406
230	G	1	0.02702702702702703
230	T	5	0.13513513513513514
233	T	1	0.02702702702702703
235	T	1	0.02702702702702703
237	A	1	0.02702702702702703
237	C	1	0.02702702702702703
237	G	1	0.02702702702702703
238	T	3	0.08108108108108109
239	T	2	0.05405405405405406
240	C	3	0.08108108108108109
240	T	3	0.08108108108108109
242	T	1	0.02702702702702703
245	A	13	0.35135135135135137
245	C	2	0.05405405405405406
246	A	1	0.02702702702702703
246	G	1	0.02702702702702703
246	T	4	0.10810810810810811
247	G	1	0.02702702702702703
248	C	5	0.13513513513513514
248	T	1	0.02702702702702703
249	C	2	0.05405405405405406
249	G	1	0.02702702702702703
250	A	3	0.08108108108108109
250	C	1	0.02702702702702703
250	T	1	0.02702702702702703
251	T	1	0.02702702702702703
252	C	1	0.02702702702702703
252	G	4	0.10810810810810811
253	A	2	0.05405405405405406
253	C	7	0.1891891891891892
254	G	1	0.02702702702702703
254	T	1	0.02702702702702703
255	T	1	0.02702702702702703
257	A	1	0.02702702702702703
257	T	1	0.02702702702702703
258	C	1	0.02702702702702703
258	G	1	0.02702702702702703
259	A	5	0.13513513513513514
259	C	7	0.1891891891891892
259	T	4	0.10810810810810811
260	C	1	0.02702702702702703
260	G	1	0.02702702702702703
261	G	2	0.05405405405405406
262	T	4	0.10810810810810811
266	A	5	0.13513513513513514
266	C	9	0.24324324324324326
269	A	1	0.02702702702702703
272	A	1	0.02702702702702703
276	A	4	0.10810810810810811
277	C	1	0.02702702702702703
278	A	5	0.13513513513513514
278	C	3	0.08108108108108109
278	T	4	0.10810810810810811
279	G	1	0.02702702702702703
281	C	1	0.02702702702702703
281	G	1	0.02702702702702703
283	G	2	0.05405405405405406
283	T	8	0.21621621621621623
284	G	2	0.05405405405405406
284	T	8	0.21621621621621623
285	G	1	0.02702702702702703
287	C	1	0.02702702702702703
288	T	1	0.02702702702702703
289	T	2	0.05405405405405406
290	T	1	0.02702702702702703
