Position	Nucleotide	Multiplicity	Frequency
66	A	3	0.14285714285714285
67	T	1	0.047619047619047616
68	G	1	0.047619047619047616
68	T	1	0.047619047619047616
69	A	1	0.047619047619047616
70	G	2	0.09523809523809523
70	T	1	0.047619047619047616
71	G	1	0.047619047619047616
74	G	1	0.047619047619047616
76	A	1	0.047619047619047616
77	C	1	0.047619047619047616
78	A	1	0.047619047619047616
78	C	2	0.09523809523809523
78	G	1	0.047619047619047616
79	C	1	0.047619047619047616
80	T	1	0.047619047619047616
82	A	1	0.047619047619047616
82	T	3	0.14285714285714285
83	T	3	0.14285714285714285
84	G	1	0.047619047619047616
86	T	1	0.047619047619047616
88	C	2	0.09523809523809523
89	G	2	0.09523809523809523
90	C	2	0.09523809523809523
90	G	1	0.047619047619047616
91	A	5	0.23809523809523808
91	C	5	0.23809523809523808
92	T	7	0.3333333333333333
93	C	1	0.047619047619047616
93	G	3	0.14285714285714285
94	C	1	0.047619047619047616
94	T	1	0.047619047619047616
95	C	1	0.047619047619047616
96	G	5	0.23809523809523808
96	T	1	0.047619047619047616
97	A	2	0.09523809523809523
97	C	7	0.3333333333333333
98	T	4	0.19047619047619047
99	G	2	0.09523809523809523
99	T	1	0.047619047619047616
101	A	1	0.047619047619047616
103	G	1	0.047619047619047616
103	T	1	0.047619047619047616
104	T	4	0.19047619047619047
105	C	1	0.047619047619047616
106	T	1	0.047619047619047616
108	A	2	0.09523809523809523
108	C	1	0.047619047619047616
118	T	1	0.047619047619047616
125	A	3	0.14285714285714285
126	G	1	0.047619047619047616
131	C	1	0.047619047619047616
134	T	1	0.047619047619047616
136	G	1	0.047619047619047616
137	A	1	0.047619047619047616
137	T	1	0.047619047619047616
140	C	1	0.047619047619047616
141	C	1	0.047619047619047616
143	A	1	0.047619047619047616
146	C	2	0.09523809523809523
147	C	1	0.047619047619047616
147	G	3	0.14285714285714285
148	A	3	0.14285714285714285
148	G	4	0.19047619047619047
148	T	1	0.047619047619047616
149	A	2	0.09523809523809523
149	T	2	0.09523809523809523
150	G	1	0.047619047619047616
152	C	2	0.09523809523809523
152	G	2	0.09523809523809523
155	C	3	0.14285714285714285
156	G	2	0.09523809523809523
157	C	4	0.19047619047619047
158	C	1	0.047619047619047616
159	G	3	0.14285714285714285
160	A	1	0.047619047619047616
160	C	2	0.09523809523809523
161	A	1	0.047619047619047616
162	G	10	0.47619047619047616
162	T	1	0.047619047619047616
163	A	1	0.047619047619047616
163	C	1	0.047619047619047616
164	C	3	0.14285714285714285
165	G	2	0.09523809523809523
165	T	4	0.19047619047619047
166	A	6	0.2857142857142857
166	C	9	0.42857142857142855
167	A	1	0.047619047619047616
167	C	3	0.14285714285714285
167	G	1	0.047619047619047616
168	A	3	0.14285714285714285
168	G	1	0.047619047619047616
169	C	2	0.09523809523809523
169	G	1	0.047619047619047616
169	T	3	0.14285714285714285
170	T	2	0.09523809523809523
172	A	2	0.09523809523809523
172	C	3	0.14285714285714285
173	T	1	0.047619047619047616
174	A	1	0.047619047619047616
174	C	2	0.09523809523809523
174	G	4	0.19047619047619047
175	C	1	0.047619047619047616
175	T	1	0.047619047619047616
176	A	2	0.09523809523809523
176	G	1	0.047619047619047616
176	T	3	0.14285714285714285
179	T	3	0.14285714285714285
180	T	1	0.047619047619047616
181	T	1	0.047619047619047616
185	G	1	0.047619047619047616
188	C	3	0.14285714285714285
188	T	1	0.047619047619047616
189	A	1	0.047619047619047616
189	C	2	0.09523809523809523
190	C	1	0.047619047619047616
192	C	1	0.047619047619047616
192	G	1	0.047619047619047616
193	G	2	0.09523809523809523
200	G	3	0.14285714285714285
201	C	1	0.047619047619047616
203	T	1	0.047619047619047616
204	G	1	0.047619047619047616
204	T	1	0.047619047619047616
205	A	1	0.047619047619047616
205	T	1	0.047619047619047616
206	T	1	0.047619047619047616
207	G	3	0.14285714285714285
212	G	1	0.047619047619047616
213	C	1	0.047619047619047616
215	C	1	0.047619047619047616
215	G	1	0.047619047619047616
218	T	1	0.047619047619047616
219	G	1	0.047619047619047616
220	G	2	0.09523809523809523
221	G	1	0.047619047619047616
221	T	1	0.047619047619047616
222	T	2	0.09523809523809523
225	G	1	0.047619047619047616
226	T	1	0.047619047619047616
229	G	3	0.14285714285714285
230	G	1	0.047619047619047616
230	T	4	0.19047619047619047
231	A	2	0.09523809523809523
232	A	1	0.047619047619047616
232	T	1	0.047619047619047616
233	G	2	0.09523809523809523
234	A	1	0.047619047619047616
234	G	3	0.14285714285714285
234	T	2	0.09523809523809523
235	C	1	0.047619047619047616
236	A	1	0.047619047619047616
236	C	1	0.047619047619047616
236	T	2	0.09523809523809523
237	G	1	0.047619047619047616
238	C	1	0.047619047619047616
238	T	3	0.14285714285714285
240	T	2	0.09523809523809523
245	C	1	0.047619047619047616
246	C	1	0.047619047619047616
246	T	1	0.047619047619047616
249	G	1	0.047619047619047616
249	T	1	0.047619047619047616
253	A	1	0.047619047619047616
254	T	1	0.047619047619047616
258	C	1	0.047619047619047616
259	T	1	0.047619047619047616
262	A	1	0.047619047619047616
262	T	3	0.14285714285714285
266	A	1	0.047619047619047616
266	C	2	0.09523809523809523
269	T	1	0.047619047619047616
271	A	1	0.047619047619047616
276	C	1	0.047619047619047616
278	A	4	0.19047619047619047
278	C	5	0.23809523809523808
284	T	3	0.14285714285714285
287	C	1	0.047619047619047616
288	A	1	0.047619047619047616
289	T	3	0.14285714285714285
290	C	1	0.047619047619047616
290	T	1	0.047619047619047616
