Position	Nucleotide	Multiplicity	Frequency
46	A	11	0.4782608695652174
66	A	2	0.08695652173913043
67	G	4	0.17391304347826086
67	T	1	0.043478260869565216
68	A	2	0.08695652173913043
68	C	1	0.043478260869565216
69	A	2	0.08695652173913043
71	G	1	0.043478260869565216
71	T	3	0.13043478260869565
72	C	1	0.043478260869565216
74	C	3	0.13043478260869565
74	G	1	0.043478260869565216
77	C	2	0.08695652173913043
79	A	6	0.2608695652173913
79	C	3	0.13043478260869565
79	T	1	0.043478260869565216
81	C	1	0.043478260869565216
81	G	3	0.13043478260869565
82	G	3	0.13043478260869565
84	C	1	0.043478260869565216
84	T	1	0.043478260869565216
86	A	1	0.043478260869565216
86	G	1	0.043478260869565216
86	T	1	0.043478260869565216
87	G	2	0.08695652173913043
87	T	1	0.043478260869565216
88	A	5	0.21739130434782608
88	C	5	0.21739130434782608
89	A	1	0.043478260869565216
89	C	2	0.08695652173913043
89	G	1	0.043478260869565216
89	T	4	0.17391304347826086
90	C	1	0.043478260869565216
90	G	4	0.17391304347826086
91	A	4	0.17391304347826086
91	C	1	0.043478260869565216
91	T	2	0.08695652173913043
92	C	3	0.13043478260869565
93	A	1	0.043478260869565216
93	C	2	0.08695652173913043
93	G	4	0.17391304347826086
94	A	6	0.2608695652173913
94	C	1	0.043478260869565216
94	T	1	0.043478260869565216
95	A	2	0.08695652173913043
95	T	2	0.08695652173913043
96	C	1	0.043478260869565216
96	G	1	0.043478260869565216
96	T	1	0.043478260869565216
97	C	3	0.13043478260869565
97	G	1	0.043478260869565216
97	T	3	0.13043478260869565
98	A	2	0.08695652173913043
98	G	3	0.13043478260869565
98	T	5	0.21739130434782608
99	G	1	0.043478260869565216
103	A	2	0.08695652173913043
103	C	2	0.08695652173913043
104	T	4	0.17391304347826086
105	C	2	0.08695652173913043
105	T	2	0.08695652173913043
106	C	2	0.08695652173913043
106	T	1	0.043478260869565216
108	G	1	0.043478260869565216
108	T	1	0.043478260869565216
109	T	3	0.13043478260869565
110	T	2	0.08695652173913043
113	C	2	0.08695652173913043
113	T	1	0.043478260869565216
115	T	2	0.08695652173913043
117	A	2	0.08695652173913043
117	T	4	0.17391304347826086
119	A	1	0.043478260869565216
119	T	1	0.043478260869565216
120	C	2	0.08695652173913043
120	T	2	0.08695652173913043
122	A	2	0.08695652173913043
123	T	1	0.043478260869565216
124	A	1	0.043478260869565216
124	C	2	0.08695652173913043
125	A	1	0.043478260869565216
125	T	1	0.043478260869565216
126	G	1	0.043478260869565216
127	A	1	0.043478260869565216
127	G	2	0.08695652173913043
128	A	1	0.043478260869565216
128	C	1	0.043478260869565216
129	A	1	0.043478260869565216
129	C	2	0.08695652173913043
130	C	2	0.08695652173913043
130	G	3	0.13043478260869565
130	T	1	0.043478260869565216
133	C	1	0.043478260869565216
134	C	3	0.13043478260869565
137	A	2	0.08695652173913043
138	C	1	0.043478260869565216
141	C	1	0.043478260869565216
143	C	1	0.043478260869565216
143	G	1	0.043478260869565216
146	C	3	0.13043478260869565
146	T	2	0.08695652173913043
147	A	1	0.043478260869565216
147	T	2	0.08695652173913043
148	A	3	0.13043478260869565
148	C	1	0.043478260869565216
149	A	7	0.30434782608695654
149	C	2	0.08695652173913043
150	G	2	0.08695652173913043
151	C	1	0.043478260869565216
152	A	1	0.043478260869565216
152	G	3	0.13043478260869565
153	C	1	0.043478260869565216
153	G	7	0.30434782608695654
153	T	1	0.043478260869565216
154	C	3	0.13043478260869565
155	A	1	0.043478260869565216
155	C	1	0.043478260869565216
155	T	2	0.08695652173913043
156	C	3	0.13043478260869565
156	G	3	0.13043478260869565
156	T	2	0.08695652173913043
157	A	3	0.13043478260869565
157	C	1	0.043478260869565216
157	G	2	0.08695652173913043
158	G	1	0.043478260869565216
158	T	3	0.13043478260869565
159	A	1	0.043478260869565216
159	C	3	0.13043478260869565
159	T	4	0.17391304347826086
160	C	4	0.17391304347826086
160	T	3	0.13043478260869565
162	C	2	0.08695652173913043
162	G	5	0.21739130434782608
162	T	1	0.043478260869565216
163	A	2	0.08695652173913043
163	C	1	0.043478260869565216
163	T	3	0.13043478260869565
164	A	1	0.043478260869565216
164	C	1	0.043478260869565216
166	A	2	0.08695652173913043
166	C	1	0.043478260869565216
167	A	1	0.043478260869565216
167	C	3	0.13043478260869565
167	G	1	0.043478260869565216
168	C	3	0.13043478260869565
168	G	2	0.08695652173913043
168	T	4	0.17391304347826086
169	A	5	0.21739130434782608
169	C	4	0.17391304347826086
169	T	2	0.08695652173913043
170	A	1	0.043478260869565216
170	T	2	0.08695652173913043
171	C	1	0.043478260869565216
171	T	2	0.08695652173913043
173	G	3	0.13043478260869565
173	T	2	0.08695652173913043
174	G	1	0.043478260869565216
174	T	1	0.043478260869565216
175	C	2	0.08695652173913043
175	G	1	0.043478260869565216
175	T	2	0.08695652173913043
176	T	1	0.043478260869565216
178	G	2	0.08695652173913043
179	T	1	0.043478260869565216
180	G	1	0.043478260869565216
182	G	2	0.08695652173913043
182	T	2	0.08695652173913043
183	T	2	0.08695652173913043
185	A	1	0.043478260869565216
185	T	1	0.043478260869565216
186	A	1	0.043478260869565216
186	T	1	0.043478260869565216
188	T	3	0.13043478260869565
189	C	2	0.08695652173913043
190	G	2	0.08695652173913043
190	T	2	0.08695652173913043
191	A	2	0.08695652173913043
192	C	1	0.043478260869565216
192	G	5	0.21739130434782608
193	A	2	0.08695652173913043
193	G	2	0.08695652173913043
194	A	1	0.043478260869565216
194	C	2	0.08695652173913043
196	A	2	0.08695652173913043
197	C	1	0.043478260869565216
198	A	1	0.043478260869565216
198	C	1	0.043478260869565216
199	T	1	0.043478260869565216
201	A	1	0.043478260869565216
201	C	1	0.043478260869565216
201	G	1	0.043478260869565216
202	A	1	0.043478260869565216
203	A	1	0.043478260869565216
203	G	1	0.043478260869565216
203	T	1	0.043478260869565216
204	C	1	0.043478260869565216
204	T	2	0.08695652173913043
205	G	1	0.043478260869565216
206	C	1	0.043478260869565216
206	T	1	0.043478260869565216
207	G	2	0.08695652173913043
208	A	1	0.043478260869565216
209	C	2	0.08695652173913043
209	G	4	0.17391304347826086
209	T	4	0.17391304347826086
210	A	4	0.17391304347826086
210	C	1	0.043478260869565216
211	G	1	0.043478260869565216
212	G	5	0.21739130434782608
212	T	1	0.043478260869565216
213	C	4	0.17391304347826086
215	G	4	0.17391304347826086
215	T	1	0.043478260869565216
216	G	3	0.13043478260869565
217	G	1	0.043478260869565216
217	T	2	0.08695652173913043
218	A	1	0.043478260869565216
218	T	2	0.08695652173913043
219	G	1	0.043478260869565216
220	G	1	0.043478260869565216
221	A	1	0.043478260869565216
223	G	1	0.043478260869565216
224	G	2	0.08695652173913043
224	T	3	0.13043478260869565
226	C	1	0.043478260869565216
226	G	1	0.043478260869565216
227	T	4	0.17391304347826086
228	G	3	0.13043478260869565
230	A	1	0.043478260869565216
230	T	4	0.17391304347826086
231	G	3	0.13043478260869565
233	A	1	0.043478260869565216
233	T	3	0.13043478260869565
234	G	1	0.043478260869565216
238	T	1	0.043478260869565216
239	A	1	0.043478260869565216
239	T	1	0.043478260869565216
240	T	1	0.043478260869565216
241	C	1	0.043478260869565216
241	G	3	0.13043478260869565
242	A	3	0.13043478260869565
242	C	3	0.13043478260869565
243	C	1	0.043478260869565216
243	G	1	0.043478260869565216
243	T	3	0.13043478260869565
244	C	1	0.043478260869565216
244	G	1	0.043478260869565216
245	C	2	0.08695652173913043
245	T	1	0.043478260869565216
246	A	1	0.043478260869565216
246	G	1	0.043478260869565216
246	T	2	0.08695652173913043
247	A	4	0.17391304347826086
247	C	4	0.17391304347826086
248	G	1	0.043478260869565216
248	T	3	0.13043478260869565
250	A	1	0.043478260869565216
250	C	5	0.21739130434782608
250	T	1	0.043478260869565216
251	A	1	0.043478260869565216
251	T	3	0.13043478260869565
252	C	3	0.13043478260869565
254	G	1	0.043478260869565216
254	T	2	0.08695652173913043
255	G	1	0.043478260869565216
256	T	2	0.08695652173913043
257	T	1	0.043478260869565216
259	A	1	0.043478260869565216
259	T	1	0.043478260869565216
260	T	1	0.043478260869565216
266	C	1	0.043478260869565216
269	A	1	0.043478260869565216
273	A	2	0.08695652173913043
275	A	2	0.08695652173913043
275	C	5	0.21739130434782608
275	T	2	0.08695652173913043
276	A	5	0.21739130434782608
278	A	3	0.13043478260869565
278	C	1	0.043478260869565216
278	T	5	0.21739130434782608
280	T	1	0.043478260869565216
281	T	1	0.043478260869565216
283	T	1	0.043478260869565216
284	T	3	0.13043478260869565
287	C	1	0.043478260869565216
287	G	1	0.043478260869565216
289	G	1	0.043478260869565216
289	T	3	0.13043478260869565
290	A	1	0.043478260869565216
290	C	1	0.043478260869565216
