Position	Nucleotide	Multiplicity	Frequency
17	G	1	0.02631578947368421
50	A	1	0.02631578947368421
67	G	1	0.02631578947368421
69	A	2	0.05263157894736842
69	C	5	0.13157894736842105
70	T	1	0.02631578947368421
71	C	7	0.18421052631578946
71	G	2	0.05263157894736842
72	A	1	0.02631578947368421
74	C	1	0.02631578947368421
76	C	1	0.02631578947368421
77	G	1	0.02631578947368421
77	T	1	0.02631578947368421
78	T	1	0.02631578947368421
79	A	7	0.18421052631578946
80	A	1	0.02631578947368421
80	T	1	0.02631578947368421
81	C	1	0.02631578947368421
81	G	1	0.02631578947368421
81	T	4	0.10526315789473684
82	G	3	0.07894736842105263
82	T	3	0.07894736842105263
83	T	4	0.10526315789473684
85	C	4	0.10526315789473684
86	T	2	0.05263157894736842
87	C	2	0.05263157894736842
87	G	1	0.02631578947368421
88	A	4	0.10526315789473684
88	C	3	0.07894736842105263
88	T	2	0.05263157894736842
89	A	2	0.05263157894736842
89	T	4	0.10526315789473684
90	C	1	0.02631578947368421
90	G	4	0.10526315789473684
91	A	9	0.23684210526315788
91	C	5	0.13157894736842105
91	T	1	0.02631578947368421
92	A	1	0.02631578947368421
92	G	2	0.05263157894736842
92	T	6	0.15789473684210525
93	A	1	0.02631578947368421
93	C	5	0.13157894736842105
94	C	3	0.07894736842105263
94	T	2	0.05263157894736842
95	C	3	0.07894736842105263
96	A	6	0.15789473684210525
96	C	4	0.10526315789473684
96	G	1	0.02631578947368421
96	T	2	0.05263157894736842
97	A	3	0.07894736842105263
97	G	7	0.18421052631578946
97	T	4	0.10526315789473684
98	A	5	0.13157894736842105
98	C	5	0.13157894736842105
99	C	3	0.07894736842105263
99	G	4	0.10526315789473684
99	T	3	0.07894736842105263
100	C	1	0.02631578947368421
101	G	1	0.02631578947368421
101	T	6	0.15789473684210525
102	G	1	0.02631578947368421
102	T	3	0.07894736842105263
103	A	6	0.15789473684210525
103	C	12	0.3157894736842105
103	T	2	0.05263157894736842
107	A	1	0.02631578947368421
108	C	1	0.02631578947368421
108	T	2	0.05263157894736842
109	C	4	0.10526315789473684
110	C	1	0.02631578947368421
110	T	3	0.07894736842105263
111	G	1	0.02631578947368421
113	C	1	0.02631578947368421
113	G	7	0.18421052631578946
115	T	1	0.02631578947368421
118	A	2	0.05263157894736842
121	G	1	0.02631578947368421
123	A	1	0.02631578947368421
125	C	1	0.02631578947368421
128	G	1	0.02631578947368421
131	A	6	0.15789473684210525
131	C	3	0.07894736842105263
131	T	1	0.02631578947368421
132	A	1	0.02631578947368421
133	C	1	0.02631578947368421
134	G	1	0.02631578947368421
137	A	3	0.07894736842105263
137	T	3	0.07894736842105263
139	A	2	0.05263157894736842
140	T	1	0.02631578947368421
141	C	4	0.10526315789473684
141	G	3	0.07894736842105263
143	A	1	0.02631578947368421
143	T	1	0.02631578947368421
146	C	2	0.05263157894736842
146	G	1	0.02631578947368421
148	A	1	0.02631578947368421
148	T	1	0.02631578947368421
149	A	6	0.15789473684210525
149	C	7	0.18421052631578946
150	C	3	0.07894736842105263
151	C	2	0.05263157894736842
152	T	1	0.02631578947368421
153	C	2	0.05263157894736842
153	G	3	0.07894736842105263
154	A	1	0.02631578947368421
154	C	4	0.10526315789473684
155	G	2	0.05263157894736842
155	T	1	0.02631578947368421
157	A	1	0.02631578947368421
158	C	6	0.15789473684210525
158	G	1	0.02631578947368421
159	C	5	0.13157894736842105
159	G	3	0.07894736842105263
160	C	3	0.07894736842105263
161	A	3	0.07894736842105263
161	G	6	0.15789473684210525
161	T	3	0.07894736842105263
162	A	2	0.05263157894736842
162	C	1	0.02631578947368421
162	T	5	0.13157894736842105
163	C	8	0.21052631578947367
163	G	1	0.02631578947368421
165	A	5	0.13157894736842105
166	A	9	0.23684210526315788
166	C	1	0.02631578947368421
166	T	1	0.02631578947368421
167	A	5	0.13157894736842105
167	C	1	0.02631578947368421
167	G	1	0.02631578947368421
168	C	1	0.02631578947368421
168	G	3	0.07894736842105263
168	T	2	0.05263157894736842
169	C	3	0.07894736842105263
169	G	2	0.05263157894736842
169	T	1	0.02631578947368421
170	G	6	0.15789473684210525
171	A	12	0.3157894736842105
171	C	5	0.13157894736842105
172	A	2	0.05263157894736842
172	G	1	0.02631578947368421
172	T	3	0.07894736842105263
173	G	2	0.05263157894736842
173	T	2	0.05263157894736842
174	C	2	0.05263157894736842
174	G	4	0.10526315789473684
175	C	4	0.10526315789473684
175	G	1	0.02631578947368421
175	T	3	0.07894736842105263
176	A	3	0.07894736842105263
176	G	5	0.13157894736842105
176	T	3	0.07894736842105263
177	C	1	0.02631578947368421
177	G	1	0.02631578947368421
178	C	1	0.02631578947368421
178	T	1	0.02631578947368421
179	T	5	0.13157894736842105
180	T	3	0.07894736842105263
181	G	1	0.02631578947368421
181	T	1	0.02631578947368421
182	C	1	0.02631578947368421
182	T	1	0.02631578947368421
183	A	1	0.02631578947368421
184	G	2	0.05263157894736842
184	T	1	0.02631578947368421
186	C	3	0.07894736842105263
186	T	1	0.02631578947368421
187	G	6	0.15789473684210525
188	A	5	0.13157894736842105
188	C	3	0.07894736842105263
191	T	1	0.02631578947368421
193	G	2	0.05263157894736842
194	A	1	0.02631578947368421
194	C	2	0.05263157894736842
195	T	1	0.02631578947368421
196	A	2	0.05263157894736842
196	C	1	0.02631578947368421
197	G	2	0.05263157894736842
198	C	2	0.05263157894736842
199	A	1	0.02631578947368421
202	G	1	0.02631578947368421
203	A	1	0.02631578947368421
204	T	2	0.05263157894736842
206	A	9	0.23684210526315788
206	C	3	0.07894736842105263
206	T	4	0.10526315789473684
207	C	3	0.07894736842105263
207	T	2	0.05263157894736842
209	A	1	0.02631578947368421
209	C	1	0.02631578947368421
209	G	1	0.02631578947368421
210	G	1	0.02631578947368421
210	T	1	0.02631578947368421
211	A	1	0.02631578947368421
211	G	1	0.02631578947368421
212	T	4	0.10526315789473684
215	A	1	0.02631578947368421
216	C	1	0.02631578947368421
219	A	4	0.10526315789473684
219	C	2	0.05263157894736842
220	C	6	0.15789473684210525
220	G	4	0.10526315789473684
221	C	1	0.02631578947368421
221	G	6	0.15789473684210525
221	T	2	0.05263157894736842
223	A	1	0.02631578947368421
224	A	1	0.02631578947368421
224	G	1	0.02631578947368421
224	T	2	0.05263157894736842
226	G	1	0.02631578947368421
227	C	1	0.02631578947368421
228	C	1	0.02631578947368421
228	G	8	0.21052631578947367
228	T	1	0.02631578947368421
229	A	3	0.07894736842105263
229	C	11	0.2894736842105263
230	G	6	0.15789473684210525
232	T	3	0.07894736842105263
233	C	3	0.07894736842105263
233	T	2	0.05263157894736842
234	T	4	0.10526315789473684
235	G	1	0.02631578947368421
235	T	4	0.10526315789473684
236	A	1	0.02631578947368421
236	G	4	0.10526315789473684
236	T	3	0.07894736842105263
237	C	2	0.05263157894736842
238	C	1	0.02631578947368421
239	A	1	0.02631578947368421
239	T	1	0.02631578947368421
240	T	3	0.07894736842105263
245	A	5	0.13157894736842105
245	C	3	0.07894736842105263
246	A	1	0.02631578947368421
246	G	2	0.05263157894736842
246	T	3	0.07894736842105263
248	T	1	0.02631578947368421
249	C	2	0.05263157894736842
249	G	2	0.05263157894736842
250	A	6	0.15789473684210525
250	C	5	0.13157894736842105
251	T	2	0.05263157894736842
252	C	1	0.02631578947368421
252	G	3	0.07894736842105263
253	A	1	0.02631578947368421
253	C	1	0.02631578947368421
253	T	1	0.02631578947368421
254	A	1	0.02631578947368421
254	G	1	0.02631578947368421
254	T	2	0.05263157894736842
255	A	1	0.02631578947368421
257	A	1	0.02631578947368421
257	C	5	0.13157894736842105
257	T	1	0.02631578947368421
258	G	2	0.05263157894736842
259	A	4	0.10526315789473684
259	C	5	0.13157894736842105
259	T	1	0.02631578947368421
260	C	3	0.07894736842105263
261	C	1	0.02631578947368421
261	G	1	0.02631578947368421
262	A	1	0.02631578947368421
262	T	1	0.02631578947368421
263	A	1	0.02631578947368421
263	C	1	0.02631578947368421
263	G	1	0.02631578947368421
264	C	1	0.02631578947368421
265	G	1	0.02631578947368421
266	A	5	0.13157894736842105
266	C	7	0.18421052631578946
266	T	1	0.02631578947368421
267	C	1	0.02631578947368421
270	G	2	0.05263157894736842
270	T	1	0.02631578947368421
275	T	1	0.02631578947368421
276	A	6	0.15789473684210525
276	C	1	0.02631578947368421
277	C	1	0.02631578947368421
278	A	3	0.07894736842105263
278	C	10	0.2631578947368421
278	T	2	0.05263157894736842
280	T	1	0.02631578947368421
281	C	3	0.07894736842105263
283	T	5	0.13157894736842105
284	T	11	0.2894736842105263
287	C	1	0.02631578947368421
288	A	1	0.02631578947368421
288	C	1	0.02631578947368421
289	T	1	0.02631578947368421
290	C	1	0.02631578947368421
290	T	1	0.02631578947368421
