Position	Nucleotide	Multiplicity	Frequency
66	A	1	0.043478260869565216
66	C	1	0.043478260869565216
67	T	3	0.13043478260869565
68	G	1	0.043478260869565216
69	C	1	0.043478260869565216
70	G	1	0.043478260869565216
72	C	1	0.043478260869565216
76	T	1	0.043478260869565216
80	T	1	0.043478260869565216
82	A	5	0.21739130434782608
82	G	2	0.08695652173913043
82	T	3	0.13043478260869565
83	G	1	0.043478260869565216
83	T	1	0.043478260869565216
85	C	1	0.043478260869565216
86	C	1	0.043478260869565216
87	A	7	0.30434782608695654
87	C	1	0.043478260869565216
88	C	1	0.043478260869565216
88	G	4	0.17391304347826086
89	C	1	0.043478260869565216
92	A	1	0.043478260869565216
92	C	7	0.30434782608695654
93	C	2	0.08695652173913043
94	C	1	0.043478260869565216
94	T	1	0.043478260869565216
95	C	1	0.043478260869565216
95	G	1	0.043478260869565216
97	G	3	0.13043478260869565
101	A	1	0.043478260869565216
102	A	1	0.043478260869565216
102	T	2	0.08695652173913043
103	C	2	0.08695652173913043
104	T	2	0.08695652173913043
106	C	1	0.043478260869565216
111	A	1	0.043478260869565216
113	C	1	0.043478260869565216
115	C	1	0.043478260869565216
115	T	1	0.043478260869565216
116	C	1	0.043478260869565216
117	A	1	0.043478260869565216
117	C	5	0.21739130434782608
118	G	6	0.2608695652173913
118	T	6	0.2608695652173913
119	A	1	0.043478260869565216
119	C	3	0.13043478260869565
127	G	1	0.043478260869565216
132	A	1	0.043478260869565216
133	C	1	0.043478260869565216
136	G	1	0.043478260869565216
137	A	1	0.043478260869565216
143	T	1	0.043478260869565216
144	G	2	0.08695652173913043
147	A	1	0.043478260869565216
148	C	1	0.043478260869565216
149	A	6	0.2608695652173913
149	C	1	0.043478260869565216
151	A	1	0.043478260869565216
152	C	7	0.30434782608695654
153	C	1	0.043478260869565216
153	G	1	0.043478260869565216
153	T	2	0.08695652173913043
154	A	2	0.08695652173913043
154	T	1	0.043478260869565216
155	C	1	0.043478260869565216
156	C	3	0.13043478260869565
159	G	1	0.043478260869565216
160	G	1	0.043478260869565216
161	A	1	0.043478260869565216
161	C	2	0.08695652173913043
162	G	1	0.043478260869565216
162	T	1	0.043478260869565216
163	A	1	0.043478260869565216
163	T	1	0.043478260869565216
164	C	7	0.30434782608695654
165	A	3	0.13043478260869565
165	T	2	0.08695652173913043
166	A	6	0.2608695652173913
166	C	2	0.08695652173913043
166	T	5	0.21739130434782608
167	C	2	0.08695652173913043
168	G	6	0.2608695652173913
168	T	2	0.08695652173913043
169	A	5	0.21739130434782608
169	C	2	0.08695652173913043
169	T	5	0.21739130434782608
170	A	1	0.043478260869565216
170	G	1	0.043478260869565216
170	T	7	0.30434782608695654
171	C	1	0.043478260869565216
171	T	2	0.08695652173913043
172	A	2	0.08695652173913043
172	C	1	0.043478260869565216
172	G	1	0.043478260869565216
173	G	2	0.08695652173913043
173	T	2	0.08695652173913043
174	A	1	0.043478260869565216
175	A	3	0.13043478260869565
175	C	2	0.08695652173913043
176	G	2	0.08695652173913043
176	T	5	0.21739130434782608
177	C	1	0.043478260869565216
178	C	1	0.043478260869565216
180	C	1	0.043478260869565216
181	A	1	0.043478260869565216
181	G	1	0.043478260869565216
182	T	1	0.043478260869565216
183	T	1	0.043478260869565216
184	C	1	0.043478260869565216
184	G	2	0.08695652173913043
188	C	1	0.043478260869565216
188	G	1	0.043478260869565216
192	C	2	0.08695652173913043
200	C	2	0.08695652173913043
203	A	1	0.043478260869565216
203	T	1	0.043478260869565216
204	T	1	0.043478260869565216
205	T	1	0.043478260869565216
208	C	1	0.043478260869565216
209	A	1	0.043478260869565216
209	T	1	0.043478260869565216
211	A	1	0.043478260869565216
215	G	1	0.043478260869565216
215	T	1	0.043478260869565216
219	C	1	0.043478260869565216
219	G	1	0.043478260869565216
222	T	1	0.043478260869565216
223	G	1	0.043478260869565216
223	T	1	0.043478260869565216
224	T	1	0.043478260869565216
225	C	3	0.13043478260869565
225	G	1	0.043478260869565216
227	T	1	0.043478260869565216
228	C	2	0.08695652173913043
230	G	1	0.043478260869565216
230	T	1	0.043478260869565216
231	G	1	0.043478260869565216
234	A	1	0.043478260869565216
236	A	1	0.043478260869565216
236	C	1	0.043478260869565216
237	C	1	0.043478260869565216
237	G	2	0.08695652173913043
239	C	5	0.21739130434782608
240	T	7	0.30434782608695654
242	A	1	0.043478260869565216
242	C	1	0.043478260869565216
242	T	1	0.043478260869565216
243	G	6	0.2608695652173913
245	G	3	0.13043478260869565
246	T	1	0.043478260869565216
247	G	1	0.043478260869565216
249	G	6	0.2608695652173913
251	T	1	0.043478260869565216
253	A	1	0.043478260869565216
254	C	2	0.08695652173913043
258	G	1	0.043478260869565216
259	C	1	0.043478260869565216
260	G	2	0.08695652173913043
261	A	4	0.17391304347826086
261	C	4	0.17391304347826086
261	T	6	0.2608695652173913
262	A	1	0.043478260869565216
262	T	1	0.043478260869565216
263	C	2	0.08695652173913043
266	A	1	0.043478260869565216
266	T	1	0.043478260869565216
267	T	1	0.043478260869565216
270	G	1	0.043478260869565216
276	C	6	0.2608695652173913
276	G	2	0.08695652173913043
277	C	1	0.043478260869565216
277	G	5	0.21739130434782608
278	A	4	0.17391304347826086
278	C	10	0.43478260869565216
283	T	2	0.08695652173913043
284	T	6	0.2608695652173913
288	A	3	0.13043478260869565
288	C	1	0.043478260869565216
289	G	1	0.043478260869565216
289	T	9	0.391304347826087
290	G	1	0.043478260869565216
291	C	1	0.043478260869565216
291	G	1	0.043478260869565216
291	T	1	0.043478260869565216
292	C	1	0.043478260869565216
292	G	4	0.17391304347826086
292	T	1	0.043478260869565216
