Position	Nucleotide	Multiplicity	Frequency
45	G	9	0.42857142857142855
66	A	1	0.047619047619047616
67	T	1	0.047619047619047616
71	C	4	0.19047619047619047
72	C	1	0.047619047619047616
75	A	1	0.047619047619047616
76	A	4	0.19047619047619047
77	G	2	0.09523809523809523
78	A	3	0.14285714285714285
79	G	3	0.14285714285714285
81	C	1	0.047619047619047616
81	T	3	0.14285714285714285
82	G	2	0.09523809523809523
82	T	2	0.09523809523809523
83	G	1	0.047619047619047616
83	T	1	0.047619047619047616
88	A	2	0.09523809523809523
89	A	1	0.047619047619047616
89	C	3	0.14285714285714285
90	C	3	0.14285714285714285
90	G	1	0.047619047619047616
91	A	7	0.3333333333333333
91	C	5	0.23809523809523808
91	T	1	0.047619047619047616
92	A	1	0.047619047619047616
92	T	8	0.38095238095238093
93	C	2	0.09523809523809523
94	C	1	0.047619047619047616
94	T	1	0.047619047619047616
95	C	1	0.047619047619047616
96	C	3	0.14285714285714285
97	A	4	0.19047619047619047
97	C	2	0.09523809523809523
97	T	1	0.047619047619047616
98	T	1	0.047619047619047616
99	G	1	0.047619047619047616
100	C	1	0.047619047619047616
101	C	1	0.047619047619047616
102	G	1	0.047619047619047616
104	G	4	0.19047619047619047
105	C	2	0.09523809523809523
108	A	1	0.047619047619047616
110	T	1	0.047619047619047616
116	C	1	0.047619047619047616
117	A	1	0.047619047619047616
119	C	1	0.047619047619047616
121	A	1	0.047619047619047616
122	C	1	0.047619047619047616
126	C	1	0.047619047619047616
127	C	1	0.047619047619047616
127	G	1	0.047619047619047616
127	T	1	0.047619047619047616
131	A	4	0.19047619047619047
131	C	1	0.047619047619047616
134	G	6	0.2857142857142857
137	T	1	0.047619047619047616
138	G	1	0.047619047619047616
143	A	1	0.047619047619047616
145	A	1	0.047619047619047616
146	C	1	0.047619047619047616
146	G	1	0.047619047619047616
147	A	1	0.047619047619047616
147	T	1	0.047619047619047616
148	A	1	0.047619047619047616
148	G	1	0.047619047619047616
149	C	2	0.09523809523809523
150	C	1	0.047619047619047616
150	T	1	0.047619047619047616
152	C	4	0.19047619047619047
152	G	1	0.047619047619047616
152	T	2	0.09523809523809523
153	A	1	0.047619047619047616
153	G	1	0.047619047619047616
154	C	2	0.09523809523809523
155	A	1	0.047619047619047616
155	C	1	0.047619047619047616
156	A	2	0.09523809523809523
156	C	2	0.09523809523809523
156	G	1	0.047619047619047616
157	C	3	0.14285714285714285
157	T	4	0.19047619047619047
161	C	1	0.047619047619047616
165	C	1	0.047619047619047616
166	A	2	0.09523809523809523
166	C	6	0.2857142857142857
167	C	1	0.047619047619047616
168	C	1	0.047619047619047616
168	G	5	0.23809523809523808
168	T	3	0.14285714285714285
169	C	5	0.23809523809523808
169	G	1	0.047619047619047616
170	A	6	0.2857142857142857
170	G	2	0.09523809523809523
171	G	5	0.23809523809523808
172	T	3	0.14285714285714285
173	C	4	0.19047619047619047
174	C	2	0.09523809523809523
174	G	1	0.047619047619047616
175	C	1	0.047619047619047616
175	G	1	0.047619047619047616
175	T	6	0.2857142857142857
176	A	2	0.09523809523809523
176	G	2	0.09523809523809523
176	T	1	0.047619047619047616
178	C	1	0.047619047619047616
178	T	1	0.047619047619047616
179	C	1	0.047619047619047616
180	A	1	0.047619047619047616
181	G	2	0.09523809523809523
185	A	1	0.047619047619047616
185	G	7	0.3333333333333333
185	T	2	0.09523809523809523
190	T	1	0.047619047619047616
195	A	1	0.047619047619047616
201	G	1	0.047619047619047616
202	C	1	0.047619047619047616
205	G	3	0.14285714285714285
207	C	1	0.047619047619047616
207	G	1	0.047619047619047616
209	T	2	0.09523809523809523
210	A	1	0.047619047619047616
215	G	1	0.047619047619047616
220	C	1	0.047619047619047616
221	C	3	0.14285714285714285
222	C	3	0.14285714285714285
224	T	3	0.14285714285714285
225	C	4	0.19047619047619047
226	A	1	0.047619047619047616
226	C	3	0.14285714285714285
227	C	1	0.047619047619047616
227	T	1	0.047619047619047616
230	T	2	0.09523809523809523
231	G	1	0.047619047619047616
232	T	2	0.09523809523809523
233	A	2	0.09523809523809523
234	G	3	0.14285714285714285
234	T	2	0.09523809523809523
235	C	1	0.047619047619047616
236	C	4	0.19047619047619047
236	T	1	0.047619047619047616
237	G	2	0.09523809523809523
239	G	1	0.047619047619047616
242	C	3	0.14285714285714285
243	G	4	0.19047619047619047
245	C	1	0.047619047619047616
245	G	2	0.09523809523809523
246	T	1	0.047619047619047616
248	A	1	0.047619047619047616
249	G	1	0.047619047619047616
250	G	2	0.09523809523809523
254	T	1	0.047619047619047616
257	C	2	0.09523809523809523
260	C	1	0.047619047619047616
261	A	1	0.047619047619047616
261	C	1	0.047619047619047616
262	T	7	0.3333333333333333
263	T	2	0.09523809523809523
266	C	4	0.19047619047619047
269	A	2	0.09523809523809523
272	T	2	0.09523809523809523
274	G	4	0.19047619047619047
275	C	1	0.047619047619047616
276	A	2	0.09523809523809523
276	C	4	0.19047619047619047
278	A	8	0.38095238095238093
278	C	3	0.14285714285714285
278	T	3	0.14285714285714285
280	T	1	0.047619047619047616
281	C	1	0.047619047619047616
283	T	1	0.047619047619047616
288	A	2	0.09523809523809523
288	C	1	0.047619047619047616
289	T	1	0.047619047619047616
