Position	Nucleotide	Multiplicity	Frequency
12	T	1	0.05263157894736842
30	C	1	0.05263157894736842
44	G	1	0.05263157894736842
67	T	3	0.15789473684210525
70	G	2	0.10526315789473684
70	T	1	0.05263157894736842
75	T	1	0.05263157894736842
76	A	1	0.05263157894736842
77	T	1	0.05263157894736842
82	G	4	0.21052631578947367
83	T	1	0.05263157894736842
86	A	1	0.05263157894736842
87	C	1	0.05263157894736842
87	G	2	0.10526315789473684
88	C	1	0.05263157894736842
89	G	1	0.05263157894736842
90	A	1	0.05263157894736842
91	G	1	0.05263157894736842
93	C	2	0.10526315789473684
94	T	1	0.05263157894736842
95	T	2	0.10526315789473684
97	G	2	0.10526315789473684
97	T	1	0.05263157894736842
98	G	2	0.10526315789473684
98	T	2	0.10526315789473684
99	T	1	0.05263157894736842
102	G	3	0.15789473684210525
103	A	2	0.10526315789473684
103	C	5	0.2631578947368421
104	T	4	0.21052631578947367
108	G	3	0.15789473684210525
113	T	1	0.05263157894736842
115	T	1	0.05263157894736842
117	A	1	0.05263157894736842
119	C	1	0.05263157894736842
126	C	1	0.05263157894736842
130	C	1	0.05263157894736842
131	A	1	0.05263157894736842
131	C	2	0.10526315789473684
133	C	1	0.05263157894736842
134	A	1	0.05263157894736842
137	A	1	0.05263157894736842
140	T	1	0.05263157894736842
141	A	5	0.2631578947368421
141	C	3	0.15789473684210525
143	A	1	0.05263157894736842
144	G	2	0.10526315789473684
147	A	2	0.10526315789473684
147	C	2	0.10526315789473684
148	C	1	0.05263157894736842
148	T	2	0.10526315789473684
152	A	1	0.05263157894736842
152	C	4	0.21052631578947367
153	C	1	0.05263157894736842
153	G	2	0.10526315789473684
154	A	1	0.05263157894736842
154	C	2	0.10526315789473684
156	C	3	0.15789473684210525
156	G	5	0.2631578947368421
157	A	6	0.3157894736842105
157	C	5	0.2631578947368421
158	A	4	0.21052631578947367
158	C	1	0.05263157894736842
158	G	2	0.10526315789473684
159	C	1	0.05263157894736842
159	G	5	0.2631578947368421
160	A	2	0.10526315789473684
160	C	2	0.10526315789473684
161	A	1	0.05263157894736842
161	C	2	0.10526315789473684
162	G	2	0.10526315789473684
163	A	1	0.05263157894736842
163	C	1	0.05263157894736842
164	A	2	0.10526315789473684
164	C	3	0.15789473684210525
165	C	2	0.10526315789473684
165	G	2	0.10526315789473684
165	T	2	0.10526315789473684
166	A	3	0.15789473684210525
166	C	4	0.21052631578947367
166	T	2	0.10526315789473684
167	C	3	0.15789473684210525
168	A	1	0.05263157894736842
168	C	2	0.10526315789473684
168	G	2	0.10526315789473684
169	A	1	0.05263157894736842
169	T	1	0.05263157894736842
170	G	1	0.05263157894736842
170	T	2	0.10526315789473684
171	T	1	0.05263157894736842
172	A	2	0.10526315789473684
172	C	3	0.15789473684210525
172	G	1	0.05263157894736842
172	T	1	0.05263157894736842
173	C	2	0.10526315789473684
174	C	1	0.05263157894736842
174	G	1	0.05263157894736842
175	C	2	0.10526315789473684
176	G	2	0.10526315789473684
176	T	1	0.05263157894736842
177	C	3	0.15789473684210525
178	C	1	0.05263157894736842
179	A	1	0.05263157894736842
179	T	1	0.05263157894736842
180	C	1	0.05263157894736842
181	A	1	0.05263157894736842
184	C	2	0.10526315789473684
185	G	2	0.10526315789473684
187	A	1	0.05263157894736842
189	T	1	0.05263157894736842
191	T	1	0.05263157894736842
193	T	1	0.05263157894736842
194	A	1	0.05263157894736842
200	G	1	0.05263157894736842
201	C	1	0.05263157894736842
203	T	2	0.10526315789473684
204	G	1	0.05263157894736842
205	G	1	0.05263157894736842
206	T	1	0.05263157894736842
207	G	2	0.10526315789473684
208	A	1	0.05263157894736842
208	C	1	0.05263157894736842
208	G	1	0.05263157894736842
209	T	1	0.05263157894736842
210	C	1	0.05263157894736842
210	G	1	0.05263157894736842
211	A	1	0.05263157894736842
215	G	1	0.05263157894736842
219	C	1	0.05263157894736842
219	G	2	0.10526315789473684
222	A	1	0.05263157894736842
222	T	1	0.05263157894736842
225	C	2	0.10526315789473684
226	G	1	0.05263157894736842
229	G	1	0.05263157894736842
230	A	2	0.10526315789473684
230	G	2	0.10526315789473684
230	T	1	0.05263157894736842
231	G	3	0.15789473684210525
232	A	1	0.05263157894736842
233	G	1	0.05263157894736842
233	T	2	0.10526315789473684
234	G	2	0.10526315789473684
234	T	2	0.10526315789473684
236	A	3	0.15789473684210525
236	T	1	0.05263157894736842
237	G	1	0.05263157894736842
238	C	1	0.05263157894736842
238	T	3	0.15789473684210525
245	C	1	0.05263157894736842
245	G	2	0.10526315789473684
246	G	1	0.05263157894736842
247	G	1	0.05263157894736842
249	G	1	0.05263157894736842
250	C	1	0.05263157894736842
250	G	2	0.10526315789473684
251	T	1	0.05263157894736842
252	G	2	0.10526315789473684
253	A	3	0.15789473684210525
253	C	1	0.05263157894736842
254	T	3	0.15789473684210525
255	T	2	0.10526315789473684
257	C	1	0.05263157894736842
259	A	2	0.10526315789473684
260	C	2	0.10526315789473684
260	G	1	0.05263157894736842
261	A	1	0.05263157894736842
261	C	1	0.05263157894736842
261	T	1	0.05263157894736842
262	G	1	0.05263157894736842
262	T	3	0.15789473684210525
265	G	1	0.05263157894736842
266	A	3	0.15789473684210525
266	C	3	0.15789473684210525
270	G	1	0.05263157894736842
275	T	3	0.15789473684210525
276	A	3	0.15789473684210525
276	C	1	0.05263157894736842
278	A	3	0.15789473684210525
278	C	2	0.10526315789473684
278	T	2	0.10526315789473684
279	G	1	0.05263157894736842
281	C	1	0.05263157894736842
283	G	1	0.05263157894736842
283	T	1	0.05263157894736842
287	G	1	0.05263157894736842
289	G	1	0.05263157894736842
289	T	1	0.05263157894736842
290	A	2	0.10526315789473684
