Position	Nucleotide	Multiplicity	Frequency
66	G	1	0.03571428571428571
66	T	1	0.03571428571428571
70	A	1	0.03571428571428571
71	G	1	0.03571428571428571
71	T	1	0.03571428571428571
75	C	2	0.07142857142857142
76	C	1	0.03571428571428571
78	A	1	0.03571428571428571
79	A	5	0.17857142857142858
79	C	4	0.14285714285714285
79	T	1	0.03571428571428571
81	C	1	0.03571428571428571
81	G	1	0.03571428571428571
84	T	1	0.03571428571428571
86	A	2	0.07142857142857142
86	G	1	0.03571428571428571
86	T	1	0.03571428571428571
87	C	1	0.03571428571428571
88	A	2	0.07142857142857142
88	C	8	0.2857142857142857
88	T	1	0.03571428571428571
89	A	1	0.03571428571428571
89	G	1	0.03571428571428571
89	T	2	0.07142857142857142
90	C	1	0.03571428571428571
90	G	1	0.03571428571428571
91	A	3	0.10714285714285714
91	C	2	0.07142857142857142
92	C	8	0.2857142857142857
92	G	1	0.03571428571428571
93	G	1	0.03571428571428571
93	T	2	0.07142857142857142
94	A	1	0.03571428571428571
94	C	3	0.10714285714285714
94	T	2	0.07142857142857142
95	A	2	0.07142857142857142
95	C	1	0.03571428571428571
96	C	1	0.03571428571428571
96	G	4	0.14285714285714285
96	T	1	0.03571428571428571
97	A	6	0.21428571428571427
97	C	9	0.32142857142857145
97	T	2	0.07142857142857142
98	A	2	0.07142857142857142
98	C	2	0.07142857142857142
99	C	3	0.10714285714285714
100	T	2	0.07142857142857142
101	T	6	0.21428571428571427
102	C	4	0.14285714285714285
103	T	1	0.03571428571428571
104	A	1	0.03571428571428571
104	T	3	0.10714285714285714
105	C	1	0.03571428571428571
105	G	1	0.03571428571428571
107	T	1	0.03571428571428571
108	A	1	0.03571428571428571
109	C	2	0.07142857142857142
109	T	1	0.03571428571428571
114	C	1	0.03571428571428571
114	G	2	0.07142857142857142
114	T	1	0.03571428571428571
116	G	2	0.07142857142857142
123	A	1	0.03571428571428571
123	G	1	0.03571428571428571
123	T	5	0.17857142857142858
126	A	1	0.03571428571428571
127	T	1	0.03571428571428571
128	C	3	0.10714285714285714
128	G	3	0.10714285714285714
130	A	1	0.03571428571428571
131	A	1	0.03571428571428571
133	C	1	0.03571428571428571
133	G	1	0.03571428571428571
136	A	1	0.03571428571428571
137	A	6	0.21428571428571427
137	C	2	0.07142857142857142
140	T	2	0.07142857142857142
141	C	1	0.03571428571428571
145	C	1	0.03571428571428571
147	C	3	0.10714285714285714
147	G	2	0.07142857142857142
147	T	3	0.10714285714285714
149	C	1	0.03571428571428571
151	C	1	0.03571428571428571
152	A	1	0.03571428571428571
153	G	2	0.07142857142857142
154	A	5	0.17857142857142858
154	C	3	0.10714285714285714
155	G	1	0.03571428571428571
156	C	1	0.03571428571428571
156	G	10	0.35714285714285715
156	T	3	0.10714285714285714
158	G	1	0.03571428571428571
158	T	2	0.07142857142857142
159	C	7	0.25
160	C	2	0.07142857142857142
160	G	1	0.03571428571428571
160	T	4	0.14285714285714285
161	C	2	0.07142857142857142
161	G	1	0.03571428571428571
162	C	4	0.14285714285714285
163	C	5	0.17857142857142858
163	T	1	0.03571428571428571
164	C	4	0.14285714285714285
164	G	1	0.03571428571428571
165	C	1	0.03571428571428571
165	G	2	0.07142857142857142
166	A	3	0.10714285714285714
166	C	5	0.17857142857142858
166	T	1	0.03571428571428571
167	G	1	0.03571428571428571
169	A	1	0.03571428571428571
169	T	1	0.03571428571428571
170	A	3	0.10714285714285714
170	C	1	0.03571428571428571
171	G	2	0.07142857142857142
172	A	9	0.32142857142857145
172	C	4	0.14285714285714285
174	T	3	0.10714285714285714
175	A	1	0.03571428571428571
175	T	1	0.03571428571428571
176	A	1	0.03571428571428571
176	G	1	0.03571428571428571
176	T	1	0.03571428571428571
177	A	1	0.03571428571428571
177	C	1	0.03571428571428571
177	G	3	0.10714285714285714
178	C	1	0.03571428571428571
178	T	4	0.14285714285714285
179	T	2	0.07142857142857142
180	A	2	0.07142857142857142
180	C	1	0.03571428571428571
180	G	3	0.10714285714285714
181	C	1	0.03571428571428571
181	T	1	0.03571428571428571
182	G	1	0.03571428571428571
183	C	1	0.03571428571428571
184	C	1	0.03571428571428571
184	G	5	0.17857142857142858
185	G	3	0.10714285714285714
185	T	6	0.21428571428571427
188	A	2	0.07142857142857142
188	C	1	0.03571428571428571
192	G	1	0.03571428571428571
195	C	2	0.07142857142857142
195	G	2	0.07142857142857142
196	C	1	0.03571428571428571
196	G	2	0.07142857142857142
197	A	1	0.03571428571428571
197	T	1	0.03571428571428571
198	G	2	0.07142857142857142
200	C	1	0.03571428571428571
200	G	1	0.03571428571428571
202	A	2	0.07142857142857142
203	C	3	0.10714285714285714
204	A	1	0.03571428571428571
204	C	2	0.07142857142857142
207	C	1	0.03571428571428571
208	G	2	0.07142857142857142
208	T	1	0.03571428571428571
209	T	3	0.10714285714285714
210	C	2	0.07142857142857142
210	G	1	0.03571428571428571
211	G	1	0.03571428571428571
212	G	10	0.35714285714285715
213	A	1	0.03571428571428571
214	T	1	0.03571428571428571
215	T	1	0.03571428571428571
216	A	3	0.10714285714285714
216	C	2	0.07142857142857142
216	T	1	0.03571428571428571
218	C	2	0.07142857142857142
218	G	8	0.2857142857142857
218	T	2	0.07142857142857142
220	C	1	0.03571428571428571
221	G	1	0.03571428571428571
222	C	2	0.07142857142857142
223	G	1	0.03571428571428571
223	T	1	0.03571428571428571
227	A	1	0.03571428571428571
227	G	1	0.03571428571428571
227	T	1	0.03571428571428571
228	G	1	0.03571428571428571
229	G	2	0.07142857142857142
229	T	3	0.10714285714285714
231	G	1	0.03571428571428571
232	C	1	0.03571428571428571
232	G	1	0.03571428571428571
233	G	2	0.07142857142857142
233	T	3	0.10714285714285714
236	A	1	0.03571428571428571
236	C	2	0.07142857142857142
237	G	1	0.03571428571428571
238	G	1	0.03571428571428571
239	A	1	0.03571428571428571
239	G	1	0.03571428571428571
241	A	1	0.03571428571428571
243	T	1	0.03571428571428571
246	C	2	0.07142857142857142
247	C	1	0.03571428571428571
247	G	11	0.39285714285714285
248	A	1	0.03571428571428571
248	C	2	0.07142857142857142
248	T	4	0.14285714285714285
249	A	1	0.03571428571428571
249	T	5	0.17857142857142858
251	A	1	0.03571428571428571
252	C	1	0.03571428571428571
252	G	1	0.03571428571428571
253	A	5	0.17857142857142858
253	C	6	0.21428571428571427
254	G	2	0.07142857142857142
254	T	1	0.03571428571428571
257	G	1	0.03571428571428571
266	T	1	0.03571428571428571
269	A	2	0.07142857142857142
269	C	1	0.03571428571428571
269	G	1	0.03571428571428571
273	G	1	0.03571428571428571
275	A	3	0.10714285714285714
276	T	3	0.10714285714285714
279	A	1	0.03571428571428571
279	C	4	0.14285714285714285
281	A	5	0.17857142857142858
281	C	5	0.17857142857142858
281	T	8	0.2857142857142857
284	C	2	0.07142857142857142
286	T	5	0.17857142857142858
287	T	1	0.03571428571428571
291	A	1	0.03571428571428571
292	T	3	0.10714285714285714
293	T	1	0.03571428571428571
