Position	Nucleotide	Multiplicity	Frequency
66	A	1	0.07142857142857142
69	A	1	0.07142857142857142
70	G	1	0.07142857142857142
78	C	1	0.07142857142857142
81	G	1	0.07142857142857142
82	T	7	0.5
86	T	1	0.07142857142857142
87	G	1	0.07142857142857142
88	C	1	0.07142857142857142
89	C	1	0.07142857142857142
89	G	1	0.07142857142857142
90	C	1	0.07142857142857142
91	A	2	0.14285714285714285
91	C	1	0.07142857142857142
92	G	1	0.07142857142857142
93	C	1	0.07142857142857142
94	T	2	0.14285714285714285
97	A	1	0.07142857142857142
97	T	1	0.07142857142857142
98	C	1	0.07142857142857142
98	G	1	0.07142857142857142
99	C	2	0.14285714285714285
101	A	1	0.07142857142857142
102	A	1	0.07142857142857142
103	C	1	0.07142857142857142
103	G	1	0.07142857142857142
104	T	1	0.07142857142857142
105	C	1	0.07142857142857142
107	T	1	0.07142857142857142
108	C	1	0.07142857142857142
109	C	6	0.42857142857142855
118	G	1	0.07142857142857142
119	C	1	0.07142857142857142
125	A	1	0.07142857142857142
129	A	1	0.07142857142857142
131	G	7	0.5
133	C	1	0.07142857142857142
134	C	1	0.07142857142857142
137	G	2	0.14285714285714285
139	C	1	0.07142857142857142
139	G	1	0.07142857142857142
140	G	1	0.07142857142857142
141	A	1	0.07142857142857142
143	C	1	0.07142857142857142
143	G	1	0.07142857142857142
144	G	2	0.14285714285714285
146	T	1	0.07142857142857142
147	A	3	0.21428571428571427
148	G	2	0.14285714285714285
148	T	1	0.07142857142857142
149	C	2	0.14285714285714285
152	C	1	0.07142857142857142
153	G	1	0.07142857142857142
154	A	3	0.21428571428571427
155	A	1	0.07142857142857142
156	G	2	0.14285714285714285
157	A	2	0.14285714285714285
158	C	1	0.07142857142857142
159	G	1	0.07142857142857142
160	C	6	0.42857142857142855
161	C	1	0.07142857142857142
164	A	6	0.42857142857142855
166	T	1	0.07142857142857142
167	A	6	0.42857142857142855
167	C	1	0.07142857142857142
168	C	1	0.07142857142857142
168	G	1	0.07142857142857142
169	A	1	0.07142857142857142
169	C	1	0.07142857142857142
170	G	1	0.07142857142857142
171	G	3	0.21428571428571427
172	T	1	0.07142857142857142
174	G	1	0.07142857142857142
175	C	1	0.07142857142857142
175	T	1	0.07142857142857142
180	A	1	0.07142857142857142
180	T	1	0.07142857142857142
184	C	1	0.07142857142857142
188	A	13	0.9285714285714286
196	A	1	0.07142857142857142
198	C	1	0.07142857142857142
200	C	1	0.07142857142857142
205	G	1	0.07142857142857142
205	T	1	0.07142857142857142
206	A	1	0.07142857142857142
206	T	1	0.07142857142857142
207	G	3	0.21428571428571427
219	G	1	0.07142857142857142
221	C	1	0.07142857142857142
225	C	1	0.07142857142857142
226	G	1	0.07142857142857142
228	T	1	0.07142857142857142
229	T	1	0.07142857142857142
230	A	1	0.07142857142857142
231	T	1	0.07142857142857142
232	T	1	0.07142857142857142
233	A	8	0.5714285714285714
233	C	1	0.07142857142857142
233	T	2	0.14285714285714285
234	A	2	0.14285714285714285
234	T	1	0.07142857142857142
238	T	2	0.14285714285714285
243	G	1	0.07142857142857142
246	C	1	0.07142857142857142
250	A	1	0.07142857142857142
250	C	1	0.07142857142857142
253	A	1	0.07142857142857142
254	C	1	0.07142857142857142
255	G	1	0.07142857142857142
255	T	1	0.07142857142857142
258	G	1	0.07142857142857142
259	C	1	0.07142857142857142
259	T	1	0.07142857142857142
261	A	3	0.21428571428571427
261	C	7	0.5
262	G	1	0.07142857142857142
262	T	1	0.07142857142857142
263	A	1	0.07142857142857142
263	C	1	0.07142857142857142
266	A	1	0.07142857142857142
275	C	1	0.07142857142857142
276	T	2	0.14285714285714285
278	A	1	0.07142857142857142
278	T	1	0.07142857142857142
283	T	2	0.14285714285714285
284	T	8	0.5714285714285714
287	C	5	0.35714285714285715
288	C	1	0.07142857142857142
289	C	7	0.5
289	G	1	0.07142857142857142
290	C	5	0.35714285714285715
290	T	2	0.14285714285714285
