Position	Nucleotide	Multiplicity	Frequency
27	A	1	0.011764705882352941
28	C	83	0.9764705882352941
38	C	1	0.011764705882352941
43	A	57	0.6705882352941176
45	C	1	0.011764705882352941
50	A	4	0.047058823529411764
56	A	2	0.023529411764705882
57	T	1	0.011764705882352941
59	T	1	0.011764705882352941
67	G	1	0.011764705882352941
69	T	1	0.011764705882352941
74	C	1	0.011764705882352941
77	A	3	0.03529411764705882
77	C	1	0.011764705882352941
80	T	2	0.023529411764705882
87	C	1	0.011764705882352941
87	G	13	0.15294117647058825
88	A	4	0.047058823529411764
88	C	37	0.43529411764705883
91	C	1	0.011764705882352941
92	C	10	0.11764705882352941
93	A	72	0.8470588235294118
93	C	2	0.023529411764705882
94	A	1	0.011764705882352941
94	T	83	0.9764705882352941
95	G	1	0.011764705882352941
96	C	2	0.023529411764705882
96	G	1	0.011764705882352941
97	T	83	0.9764705882352941
98	C	6	0.07058823529411765
98	T	2	0.023529411764705882
99	C	1	0.011764705882352941
101	A	1	0.011764705882352941
102	A	7	0.08235294117647059
112	A	1	0.011764705882352941
114	C	1	0.011764705882352941
114	T	9	0.10588235294117647
116	T	3	0.03529411764705882
119	G	10	0.11764705882352941
121	C	1	0.011764705882352941
121	G	1	0.011764705882352941
132	T	1	0.011764705882352941
143	A	3	0.03529411764705882
148	C	2	0.023529411764705882
151	G	5	0.058823529411764705
152	C	1	0.011764705882352941
153	A	10	0.11764705882352941
157	G	3	0.03529411764705882
160	A	24	0.2823529411764706
160	C	4	0.047058823529411764
162	C	7	0.08235294117647059
166	C	4	0.047058823529411764
167	A	3	0.03529411764705882
167	C	39	0.4588235294117647
169	G	2	0.023529411764705882
171	A	21	0.24705882352941178
174	G	24	0.2823529411764706
175	C	1	0.011764705882352941
175	G	15	0.17647058823529413
176	G	2	0.023529411764705882
177	G	1	0.011764705882352941
178	T	1	0.011764705882352941
180	C	2	0.023529411764705882
181	G	1	0.011764705882352941
183	G	11	0.12941176470588237
184	A	10	0.11764705882352941
184	C	6	0.07058823529411765
185	A	1	0.011764705882352941
185	G	1	0.011764705882352941
185	T	12	0.1411764705882353
186	G	1	0.011764705882352941
186	T	11	0.12941176470588237
189	A	1	0.011764705882352941
195	G	9	0.10588235294117647
196	G	11	0.12941176470588237
198	C	1	0.011764705882352941
198	G	10	0.11764705882352941
199	A	3	0.03529411764705882
199	C	34	0.4
200	G	6	0.07058823529411765
200	T	1	0.011764705882352941
201	C	1	0.011764705882352941
203	A	23	0.27058823529411763
203	C	1	0.011764705882352941
206	A	3	0.03529411764705882
207	G	23	0.27058823529411763
208	G	54	0.6352941176470588
209	T	3	0.03529411764705882
210	C	2	0.023529411764705882
212	T	4	0.047058823529411764
213	C	1	0.011764705882352941
216	G	1	0.011764705882352941
217	G	22	0.25882352941176473
217	T	1	0.011764705882352941
218	T	1	0.011764705882352941
219	T	1	0.011764705882352941
221	A	1	0.011764705882352941
222	C	1	0.011764705882352941
222	G	3	0.03529411764705882
222	T	4	0.047058823529411764
223	A	1	0.011764705882352941
225	G	24	0.2823529411764706
226	T	1	0.011764705882352941
228	C	1	0.011764705882352941
230	G	8	0.09411764705882353
231	G	13	0.15294117647058825
233	T	57	0.6705882352941176
236	A	4	0.047058823529411764
237	T	1	0.011764705882352941
239	A	2	0.023529411764705882
239	C	4	0.047058823529411764
240	A	3	0.03529411764705882
241	C	1	0.011764705882352941
245	G	57	0.6705882352941176
247	G	4	0.047058823529411764
247	T	1	0.011764705882352941
248	G	1	0.011764705882352941
249	C	1	0.011764705882352941
249	G	8	0.09411764705882353
249	T	1	0.011764705882352941
251	A	1	0.011764705882352941
252	C	1	0.011764705882352941
252	G	10	0.11764705882352941
253	G	7	0.08235294117647059
254	A	2	0.023529411764705882
254	T	4	0.047058823529411764
255	G	7	0.08235294117647059
256	G	2	0.023529411764705882
258	C	1	0.011764705882352941
258	G	16	0.18823529411764706
258	T	4	0.047058823529411764
260	T	1	0.011764705882352941
261	A	1	0.011764705882352941
262	C	5	0.058823529411764705
264	G	1	0.011764705882352941
267	C	6	0.07058823529411765
268	C	2	0.023529411764705882
269	A	3	0.03529411764705882
273	G	7	0.08235294117647059
277	G	1	0.011764705882352941
284	C	1	0.011764705882352941
287	T	14	0.16470588235294117
289	T	1	0.011764705882352941
290	A	1	0.011764705882352941
292	T	10	0.11764705882352941
293	C	1	0.011764705882352941
293	T	1	0.011764705882352941
