Position	Nucleotide	Multiplicity	Frequency
70	G	1	0.05263157894736842
71	C	17	0.8947368421052632
78	C	13	0.6842105263157895
79	T	1	0.05263157894736842
82	G	4	0.21052631578947367
82	T	1	0.05263157894736842
87	C	13	0.6842105263157895
88	G	13	0.6842105263157895
88	T	4	0.21052631578947367
91	A	1	0.05263157894736842
98	C	4	0.21052631578947367
99	C	4	0.21052631578947367
101	A	5	0.2631578947368421
101	T	13	0.6842105263157895
113	C	13	0.6842105263157895
122	G	10	0.5263157894736842
132	T	4	0.21052631578947367
146	C	9	0.47368421052631576
161	T	1	0.05263157894736842
163	A	1	0.05263157894736842
163	C	5	0.2631578947368421
169	T	1	0.05263157894736842
174	G	5	0.2631578947368421
176	T	6	0.3157894736842105
177	C	10	0.5263157894736842
181	T	1	0.05263157894736842
187	G	1	0.05263157894736842
188	C	1	0.05263157894736842
196	A	5	0.2631578947368421
198	C	1	0.05263157894736842
200	A	12	0.631578947368421
201	C	11	0.5789473684210527
205	A	5	0.2631578947368421
206	G	5	0.2631578947368421
207	C	11	0.5789473684210527
214	C	13	0.6842105263157895
218	G	12	0.631578947368421
220	T	1	0.05263157894736842
225	C	5	0.2631578947368421
226	C	1	0.05263157894736842
229	A	11	0.5789473684210527
229	C	7	0.3684210526315789
230	G	1	0.05263157894736842
232	T	1	0.05263157894736842
236	T	1	0.05263157894736842
239	T	12	0.631578947368421
245	A	5	0.2631578947368421
246	A	1	0.05263157894736842
246	T	5	0.2631578947368421
250	A	11	0.5789473684210527
254	C	5	0.2631578947368421
259	C	10	0.5263157894736842
261	C	5	0.2631578947368421
269	T	5	0.2631578947368421
270	G	5	0.2631578947368421
271	G	5	0.2631578947368421
276	A	12	0.631578947368421
278	C	1	0.05263157894736842
283	T	5	0.2631578947368421
284	T	12	0.631578947368421
