Position	Nucleotide	Multiplicity	Frequency
67	T	2	0.06451612903225806
68	G	2	0.06451612903225806
77	G	1	0.03225806451612903
80	T	2	0.06451612903225806
82	G	3	0.0967741935483871
82	T	2	0.06451612903225806
83	G	1	0.03225806451612903
83	T	1	0.03225806451612903
88	C	1	0.03225806451612903
88	T	3	0.0967741935483871
90	G	6	0.1935483870967742
90	T	3	0.0967741935483871
91	A	6	0.1935483870967742
91	C	9	0.2903225806451613
92	T	8	0.25806451612903225
94	C	3	0.0967741935483871
94	T	16	0.5161290322580645
96	C	2	0.06451612903225806
96	G	3	0.0967741935483871
97	C	28	0.9032258064516129
104	T	2	0.06451612903225806
108	C	3	0.0967741935483871
121	T	1	0.03225806451612903
124	C	2	0.06451612903225806
125	C	1	0.03225806451612903
137	A	1	0.03225806451612903
143	T	1	0.03225806451612903
144	G	1	0.03225806451612903
147	G	2	0.06451612903225806
149	G	1	0.03225806451612903
153	T	4	0.12903225806451613
154	C	7	0.22580645161290322
155	A	1	0.03225806451612903
155	C	23	0.7419354838709677
156	G	4	0.12903225806451613
157	C	3	0.0967741935483871
158	C	2	0.06451612903225806
159	C	1	0.03225806451612903
159	G	3	0.0967741935483871
159	T	1	0.03225806451612903
160	A	2	0.06451612903225806
160	C	1	0.03225806451612903
161	A	3	0.0967741935483871
162	G	27	0.8709677419354839
163	C	6	0.1935483870967742
164	G	3	0.0967741935483871
165	C	2	0.06451612903225806
165	G	3	0.0967741935483871
166	A	2	0.06451612903225806
166	C	24	0.7741935483870968
167	A	2	0.06451612903225806
169	C	2	0.06451612903225806
170	T	1	0.03225806451612903
171	G	1	0.03225806451612903
172	A	1	0.03225806451612903
173	G	2	0.06451612903225806
174	C	26	0.8387096774193549
175	C	1	0.03225806451612903
176	T	1	0.03225806451612903
177	A	19	0.6129032258064516
177	C	2	0.06451612903225806
178	T	2	0.06451612903225806
179	T	4	0.12903225806451613
180	T	1	0.03225806451612903
181	G	1	0.03225806451612903
182	T	2	0.06451612903225806
188	C	1	0.03225806451612903
189	A	1	0.03225806451612903
189	C	3	0.0967741935483871
189	T	1	0.03225806451612903
190	C	1	0.03225806451612903
191	A	1	0.03225806451612903
204	G	2	0.06451612903225806
205	G	1	0.03225806451612903
205	T	6	0.1935483870967742
207	G	2	0.06451612903225806
213	C	1	0.03225806451612903
223	G	2	0.06451612903225806
225	G	3	0.0967741935483871
226	G	2	0.06451612903225806
227	C	2	0.06451612903225806
229	G	2	0.06451612903225806
230	T	1	0.03225806451612903
233	C	2	0.06451612903225806
233	T	3	0.0967741935483871
234	G	1	0.03225806451612903
236	A	2	0.06451612903225806
238	T	4	0.12903225806451613
239	C	2	0.06451612903225806
240	T	7	0.22580645161290322
241	C	1	0.03225806451612903
242	A	1	0.03225806451612903
245	G	2	0.06451612903225806
248	T	1	0.03225806451612903
249	G	1	0.03225806451612903
250	G	2	0.06451612903225806
252	C	4	0.12903225806451613
259	C	3	0.0967741935483871
260	C	1	0.03225806451612903
260	G	1	0.03225806451612903
261	C	1	0.03225806451612903
262	A	2	0.06451612903225806
262	T	22	0.7096774193548387
263	G	1	0.03225806451612903
266	C	2	0.06451612903225806
269	T	1	0.03225806451612903
276	A	12	0.3870967741935484
276	T	2	0.06451612903225806
278	A	11	0.3548387096774194
278	C	2	0.06451612903225806
278	T	1	0.03225806451612903
283	T	2	0.06451612903225806
284	T	27	0.8709677419354839
288	A	2	0.06451612903225806
289	T	2	0.06451612903225806
