Position	Nucleotide	Multiplicity	Frequency
55	A	14	1.0
65	C	1	0.07142857142857142
68	T	1	0.07142857142857142
74	C	11	0.7857142857142857
82	T	3	0.21428571428571427
87	C	11	0.7857142857142857
91	A	3	0.21428571428571427
91	C	11	0.7857142857142857
94	T	3	0.21428571428571427
95	A	3	0.21428571428571427
104	T	14	1.0
125	A	3	0.21428571428571427
126	C	11	0.7857142857142857
146	A	11	0.7857142857142857
148	A	11	0.7857142857142857
160	C	11	0.7857142857142857
162	A	3	0.21428571428571427
164	T	3	0.21428571428571427
168	A	3	0.21428571428571427
170	C	3	0.21428571428571427
195	A	1	0.07142857142857142
206	T	1	0.07142857142857142
209	T	1	0.07142857142857142
212	G	3	0.21428571428571427
214	T	11	0.7857142857142857
217	G	1	0.07142857142857142
220	G	10	0.7142857142857143
222	A	1	0.07142857142857142
228	G	11	0.7857142857142857
233	G	3	0.21428571428571427
240	T	3	0.21428571428571427
242	A	14	1.0
249	G	11	0.7857142857142857
250	A	3	0.21428571428571427
253	A	3	0.21428571428571427
259	G	3	0.21428571428571427
279	G	1	0.07142857142857142
