Position	Nucleotide	Multiplicity	Frequency
79	C	12	0.7058823529411765
86	T	12	0.7058823529411765
89	A	1	0.058823529411764705
93	C	1	0.058823529411764705
103	A	12	0.7058823529411765
108	C	12	0.7058823529411765
117	T	1	0.058823529411764705
127	G	12	0.7058823529411765
131	G	1	0.058823529411764705
141	C	12	0.7058823529411765
146	A	16	0.9411764705882353
147	C	13	0.7647058823529411
149	C	1	0.058823529411764705
154	T	12	0.7058823529411765
156	C	1	0.058823529411764705
159	G	1	0.058823529411764705
160	A	13	0.7647058823529411
161	C	12	0.7058823529411765
165	T	1	0.058823529411764705
166	A	12	0.7058823529411765
166	T	1	0.058823529411764705
171	G	1	0.058823529411764705
172	G	4	0.23529411764705882
173	T	12	0.7058823529411765
179	T	5	0.29411764705882354
189	G	4	0.23529411764705882
199	C	12	0.7058823529411765
202	A	1	0.058823529411764705
206	C	12	0.7058823529411765
208	T	1	0.058823529411764705
209	G	1	0.058823529411764705
210	C	13	0.7647058823529411
215	A	1	0.058823529411764705
227	G	12	0.7058823529411765
228	A	1	0.058823529411764705
229	C	1	0.058823529411764705
231	G	1	0.058823529411764705
233	T	12	0.7058823529411765
234	A	1	0.058823529411764705
240	C	4	0.23529411764705882
242	A	12	0.7058823529411765
242	C	1	0.058823529411764705
247	C	12	0.7058823529411765
248	A	1	0.058823529411764705
248	G	4	0.23529411764705882
249	A	1	0.058823529411764705
252	T	1	0.058823529411764705
258	A	12	0.7058823529411765
261	T	1	0.058823529411764705
263	C	4	0.23529411764705882
274	G	1	0.058823529411764705
275	C	12	0.7058823529411765
287	A	12	0.7058823529411765
