Position	Nucleotide	Multiplicity	Frequency
47	A	1	0.0013157894736842105
48	C	1	0.0013157894736842105
50	T	1	0.0013157894736842105
51	T	2	0.002631578947368421
57	A	1	0.0013157894736842105
62	A	1	0.0013157894736842105
65	C	1	0.0013157894736842105
66	A	16	0.021052631578947368
66	T	2	0.002631578947368421
67	A	31	0.04078947368421053
67	T	96	0.12631578947368421
68	G	29	0.038157894736842106
68	T	1	0.0013157894736842105
70	G	6	0.007894736842105263
70	T	9	0.011842105263157895
71	A	3	0.003947368421052632
71	T	5	0.006578947368421052
72	A	7	0.009210526315789473
72	C	2	0.002631578947368421
73	T	19	0.025
74	A	1	0.0013157894736842105
74	C	3	0.003947368421052632
74	G	13	0.017105263157894738
75	A	1	0.0013157894736842105
76	A	8	0.010526315789473684
77	C	22	0.02894736842105263
78	A	3	0.003947368421052632
78	G	1	0.0013157894736842105
80	T	22	0.02894736842105263
81	T	61	0.08026315789473684
82	A	297	0.3907894736842105
82	G	191	0.2513157894736842
82	T	3	0.003947368421052632
83	A	1	0.0013157894736842105
83	G	22	0.02894736842105263
83	T	304	0.4
84	A	1	0.0013157894736842105
86	C	6	0.007894736842105263
86	G	3	0.003947368421052632
87	C	248	0.3263157894736842
87	G	17	0.02236842105263158
87	T	4	0.005263157894736842
88	A	8	0.010526315789473684
89	A	371	0.4881578947368421
89	C	28	0.03684210526315789
89	G	134	0.1763157894736842
90	G	3	0.003947368421052632
90	T	9	0.011842105263157895
91	A	56	0.07368421052631578
91	C	8	0.010526315789473684
92	G	1	0.0013157894736842105
92	T	650	0.8552631578947368
93	G	1	0.0013157894736842105
94	T	2	0.002631578947368421
95	C	15	0.019736842105263157
95	G	1	0.0013157894736842105
97	A	1	0.0013157894736842105
97	T	1	0.0013157894736842105
98	A	1	0.0013157894736842105
99	G	1	0.0013157894736842105
100	A	1	0.0013157894736842105
100	C	1	0.0013157894736842105
102	G	145	0.19078947368421054
102	T	1	0.0013157894736842105
103	A	1	0.0013157894736842105
103	C	302	0.3973684210526316
104	G	28	0.03684210526315789
104	T	285	0.375
105	C	1	0.0013157894736842105
106	C	1	0.0013157894736842105
108	A	1	0.0013157894736842105
108	C	2	0.002631578947368421
109	C	1	0.0013157894736842105
110	A	1	0.0013157894736842105
110	G	1	0.0013157894736842105
111	A	1	0.0013157894736842105
111	T	2	0.002631578947368421
113	T	4	0.005263157894736842
114	T	1	0.0013157894736842105
116	C	1	0.0013157894736842105
117	A	1	0.0013157894736842105
117	C	17	0.02236842105263158
118	G	1	0.0013157894736842105
118	T	10	0.013157894736842105
119	C	5	0.006578947368421052
119	G	3	0.003947368421052632
120	A	2	0.002631578947368421
122	C	5	0.006578947368421052
122	G	5	0.006578947368421052
124	A	2	0.002631578947368421
125	A	9	0.011842105263157895
125	T	3	0.003947368421052632
127	C	1	0.0013157894736842105
127	G	2	0.002631578947368421
128	C	1	0.0013157894736842105
129	A	1	0.0013157894736842105
129	C	10	0.013157894736842105
131	A	37	0.04868421052631579
131	C	2	0.002631578947368421
131	T	2	0.002631578947368421
132	T	1	0.0013157894736842105
133	C	1	0.0013157894736842105
134	A	1	0.0013157894736842105
134	T	1	0.0013157894736842105
136	C	10	0.013157894736842105
137	A	258	0.3394736842105263
137	C	4	0.005263157894736842
138	C	2	0.002631578947368421
138	G	1	0.0013157894736842105
140	A	1	0.0013157894736842105
141	A	1	0.0013157894736842105
141	C	4	0.005263157894736842
144	A	1	0.0013157894736842105
147	G	5	0.006578947368421052
148	C	2	0.002631578947368421
148	G	11	0.014473684210526316
149	A	1	0.0013157894736842105
149	G	260	0.34210526315789475
149	T	69	0.09078947368421053
150	C	9	0.011842105263157895
150	G	2	0.002631578947368421
150	T	8	0.010526315789473684
152	C	43	0.056578947368421055
152	G	3	0.003947368421052632
152	T	32	0.042105263157894736
153	C	3	0.003947368421052632
153	T	391	0.5144736842105263
154	G	300	0.39473684210526316
155	A	4	0.005263157894736842
155	C	352	0.4631578947368421
155	T	43	0.056578947368421055
156	A	1	0.0013157894736842105
157	G	65	0.08552631578947369
158	C	5	0.006578947368421052
158	G	30	0.039473684210526314
158	T	12	0.015789473684210527
159	A	1	0.0013157894736842105
160	C	1	0.0013157894736842105
160	G	61	0.08026315789473684
161	A	274	0.3605263157894737
161	C	29	0.038157894736842106
161	G	3	0.003947368421052632
162	A	1	0.0013157894736842105
163	A	68	0.08947368421052632
164	C	288	0.37894736842105264
165	C	1	0.0013157894736842105
165	G	345	0.45394736842105265
165	T	3	0.003947368421052632
166	A	301	0.3960526315789474
166	C	5	0.006578947368421052
166	T	1	0.0013157894736842105
167	C	9	0.011842105263157895
167	G	2	0.002631578947368421
168	A	65	0.08552631578947369
168	C	42	0.05526315789473684
168	T	15	0.019736842105263157
169	C	36	0.04736842105263158
169	G	3	0.003947368421052632
169	T	94	0.12368421052631579
170	A	361	0.475
170	C	220	0.2894736842105263
170	T	8	0.010526315789473684
171	C	236	0.3105263157894737
171	G	30	0.039473684210526314
172	C	27	0.035526315789473684
172	G	17	0.02236842105263158
172	T	267	0.3513157894736842
173	C	19	0.025
173	G	96	0.12631578947368421
173	T	2	0.002631578947368421
174	A	1	0.0013157894736842105
174	C	21	0.02763157894736842
175	C	1	0.0013157894736842105
175	T	53	0.06973684210526315
176	A	1	0.0013157894736842105
176	G	8	0.010526315789473684
176	T	251	0.33026315789473687
177	A	4	0.005263157894736842
177	C	1	0.0013157894736842105
177	G	6	0.007894736842105263
178	C	8	0.010526315789473684
178	T	6	0.007894736842105263
179	C	6	0.007894736842105263
180	A	4	0.005263157894736842
180	C	26	0.034210526315789476
180	T	21	0.02763157894736842
181	C	52	0.06842105263157895
181	G	4	0.005263157894736842
182	A	4	0.005263157894736842
184	C	1	0.0013157894736842105
184	G	2	0.002631578947368421
184	T	1	0.0013157894736842105
185	A	1	0.0013157894736842105
185	G	265	0.34868421052631576
185	T	1	0.0013157894736842105
186	C	3	0.003947368421052632
187	A	1	0.0013157894736842105
187	G	2	0.002631578947368421
188	A	3	0.003947368421052632
188	C	1	0.0013157894736842105
189	C	6	0.007894736842105263
189	T	1	0.0013157894736842105
190	C	25	0.03289473684210526
190	G	1	0.0013157894736842105
191	A	4	0.005263157894736842
191	C	1	0.0013157894736842105
191	T	2	0.002631578947368421
192	C	4	0.005263157894736842
192	G	39	0.05131578947368421
193	G	14	0.018421052631578946
194	A	2	0.002631578947368421
195	A	1	0.0013157894736842105
196	A	1	0.0013157894736842105
196	T	1	0.0013157894736842105
197	G	5	0.006578947368421052
197	T	1	0.0013157894736842105
198	T	1	0.0013157894736842105
199	A	5	0.006578947368421052
200	C	1	0.0013157894736842105
200	G	13	0.017105263157894738
200	T	2	0.002631578947368421
204	C	1	0.0013157894736842105
204	G	18	0.02368421052631579
205	T	4	0.005263157894736842
206	A	4	0.005263157894736842
206	T	1	0.0013157894736842105
207	G	21	0.02763157894736842
209	A	2	0.002631578947368421
209	T	14	0.018421052631578946
210	C	3	0.003947368421052632
210	G	1	0.0013157894736842105
211	A	1	0.0013157894736842105
211	T	1	0.0013157894736842105
212	A	2	0.002631578947368421
212	T	5	0.006578947368421052
213	C	2	0.002631578947368421
214	A	4	0.005263157894736842
215	C	1	0.0013157894736842105
215	G	32	0.042105263157894736
216	A	1	0.0013157894736842105
217	C	1	0.0013157894736842105
217	G	1	0.0013157894736842105
218	T	1	0.0013157894736842105
219	C	1	0.0013157894736842105
219	G	2	0.002631578947368421
220	G	1	0.0013157894736842105
221	A	1	0.0013157894736842105
221	T	30	0.039473684210526314
222	A	5	0.006578947368421052
222	T	50	0.06578947368421052
223	A	12	0.015789473684210527
223	G	15	0.019736842105263157
223	T	7	0.009210526315789473
225	C	15	0.019736842105263157
225	G	77	0.1013157894736842
226	C	1	0.0013157894736842105
226	G	14	0.018421052631578946
226	T	22	0.02894736842105263
227	A	14	0.018421052631578946
227	C	181	0.2381578947368421
227	T	21	0.02763157894736842
228	G	1	0.0013157894736842105
229	G	20	0.02631578947368421
229	T	3	0.003947368421052632
230	A	3	0.003947368421052632
230	G	122	0.16052631578947368
230	T	107	0.14078947368421052
231	A	5	0.006578947368421052
231	C	1	0.0013157894736842105
231	G	31	0.04078947368421053
232	A	7	0.009210526315789473
232	T	40	0.05263157894736842
233	C	50	0.06578947368421052
233	G	20	0.02631578947368421
233	T	3	0.003947368421052632
234	A	18	0.02368421052631579
234	G	17	0.02236842105263158
234	T	32	0.042105263157894736
236	A	12	0.015789473684210527
236	C	85	0.1118421052631579
236	T	14	0.018421052631578946
237	A	2	0.002631578947368421
237	C	1	0.0013157894736842105
238	C	3	0.003947368421052632
238	T	504	0.6631578947368421
239	C	14	0.018421052631578946
240	A	1	0.0013157894736842105
240	T	46	0.060526315789473685
241	A	2	0.002631578947368421
241	G	1	0.0013157894736842105
242	A	63	0.08289473684210526
242	C	266	0.35
242	T	7	0.009210526315789473
243	A	1	0.0013157894736842105
243	G	22	0.02894736842105263
243	T	1	0.0013157894736842105
244	C	1	0.0013157894736842105
245	C	4	0.005263157894736842
245	G	32	0.042105263157894736
245	T	3	0.003947368421052632
246	C	45	0.05921052631578947
246	T	4	0.005263157894736842
248	A	4	0.005263157894736842
248	T	5	0.006578947368421052
249	C	24	0.031578947368421054
249	G	64	0.08421052631578947
249	T	15	0.019736842105263157
250	C	3	0.003947368421052632
250	G	5	0.006578947368421052
250	T	6	0.007894736842105263
251	A	2	0.002631578947368421
251	G	38	0.05
251	T	14	0.018421052631578946
252	G	23	0.030263157894736843
253	A	61	0.08026315789473684
254	G	2	0.002631578947368421
254	T	39	0.05131578947368421
255	G	10	0.013157894736842105
255	T	12	0.015789473684210527
256	G	2	0.002631578947368421
257	C	6	0.007894736842105263
258	G	14	0.018421052631578946
259	A	12	0.015789473684210527
259	C	2	0.002631578947368421
259	T	1	0.0013157894736842105
260	G	12	0.015789473684210527
261	A	4	0.005263157894736842
261	C	20	0.02631578947368421
262	A	1	0.0013157894736842105
262	G	74	0.09736842105263158
262	T	484	0.6368421052631579
263	A	5	0.006578947368421052
263	G	1	0.0013157894736842105
263	T	16	0.021052631578947368
264	A	3	0.003947368421052632
265	C	3	0.003947368421052632
265	G	20	0.02631578947368421
266	A	16	0.021052631578947368
266	C	26	0.034210526315789476
266	T	47	0.06184210526315789
267	A	1	0.0013157894736842105
268	G	2	0.002631578947368421
269	A	2	0.002631578947368421
271	A	1	0.0013157894736842105
272	A	1	0.0013157894736842105
272	T	3	0.003947368421052632
274	G	11	0.014473684210526316
274	T	1	0.0013157894736842105
275	A	8	0.010526315789473684
275	G	2	0.002631578947368421
276	A	26	0.034210526315789476
276	C	8	0.010526315789473684
276	T	2	0.002631578947368421
277	C	2	0.002631578947368421
278	A	80	0.10526315789473684
278	C	34	0.04473684210526316
278	T	44	0.05789473684210526
281	C	315	0.4144736842105263
282	A	1	0.0013157894736842105
282	C	4	0.005263157894736842
283	G	3	0.003947368421052632
283	T	61	0.08026315789473684
284	T	39	0.05131578947368421
285	A	1	0.0013157894736842105
287	A	1	0.0013157894736842105
287	C	6	0.007894736842105263
287	G	2	0.002631578947368421
290	C	2	0.002631578947368421
