Position	Nucleotide	Multiplicity	Frequency
10	G	3	0.00390625
10	T	20	0.026041666666666668
12	G	19	0.024739583333333332
13	G	11	0.014322916666666666
13	T	9	0.01171875
14	A	74	0.09635416666666667
14	C	2	0.0026041666666666665
14	G	21	0.02734375
14	T	15	0.01953125
15	A	1	0.0013020833333333333
15	G	251	0.3268229166666667
15	T	22	0.028645833333333332
16	A	4	0.005208333333333333
16	G	6	0.0078125
16	T	31	0.040364583333333336
22	T	3	0.00390625
24	C	17	0.022135416666666668
24	G	150	0.1953125
25	G	90	0.1171875
28	C	6	0.0078125
28	G	6	0.0078125
28	T	1	0.0013020833333333333
29	G	8	0.010416666666666666
29	T	3	0.00390625
