Position	Nucleotide	Multiplicity	Frequency
10	A	13	0.2708333333333333
10	T	10	0.20833333333333334
11	G	6	0.125
12	C	4	0.08333333333333333
12	G	1	0.020833333333333332
12	T	13	0.2708333333333333
13	G	2	0.041666666666666664
13	T	8	0.16666666666666666
14	A	1	0.020833333333333332
14	C	10	0.20833333333333334
15	C	10	0.20833333333333334
15	G	5	0.10416666666666667
15	T	1	0.020833333333333332
16	T	5	0.10416666666666667
17	A	3	0.0625
17	C	1	0.020833333333333332
17	G	9	0.1875
18	A	1	0.020833333333333332
18	C	4	0.08333333333333333
18	G	9	0.1875
18	T	1	0.020833333333333332
19	A	1	0.020833333333333332
19	G	5	0.10416666666666667
20	T	2	0.041666666666666664
24	G	10	0.20833333333333334
25	T	1	0.020833333333333332
26	C	5	0.10416666666666667
35	C	9	0.1875
37	G	1	0.020833333333333332
40	A	5	0.10416666666666667
